                   0;              1449084
                   1;               531568
                   2;               451972
                   3;               437292
                   4;               464012
                   5;               430936
                   6;               434460
                   7;               425092
                   8;               438120
                   9;               420648
                  10;               425484
                  11;               425232
                  12;               424468
                  13;               426808
                  14;               425780
                  15;               419228
                  16;               425776
                  17;               422204
                  18;               431528
                  19;               425736
                  20;               431448
                  21;               521712
                  22;               425160
                  23;               428028
                  24;               435124
                  25;               423472
                  26;               433600
                  27;               425452
                  28;               423156
                  29;               429428
                  30;               423136
                  31;               423872
                  32;               420088
                  33;               431020
                  34;               427396
                  35;               424152
                  36;               424628
                  37;               421144
                  38;               427348
                  39;               429968
                  40;               455436
                  41;               425188
                  42;               421788
                  43;               425340
                  44;               430000
                  45;               418984
                  46;               452604
                  47;               415844
                  48;               424096
                  49;               423576
                  50;               420696
                  51;               428228
                  52;               421876
                  53;               422304
                  54;               424020
                  55;               404168
                  56;               421928
                  57;               423924
                  58;               430372
                  59;               421660
                  60;               409012
                  61;               428224
                  62;               415312
                  63;               423792
                  64;               425060
                  65;               406888
                  66;               428580
                  67;               413992
                  68;               422212
                  69;               422788
                  70;               413328
                  71;               454236
                  72;               416068
                  73;               429612
                  74;               423812
                  75;               413828
                  76;               429720
                  77;               419796
                  78;               427092
                  79;               429660
                  80;               426964
                  81;               424840
                  82;               416848
                  83;               420832
                  84;               419864
                  85;               426716
                  86;               418608
                  87;               418040
                  88;               427124
                  89;               425808
                  90;               422608
                  91;               425928
                  92;               421880
                  93;               428252
                  94;               422948
                  95;               427956
                  96;               427664
                  97;               418392
                  98;               423116
                  99;               424136
                 100;               426624
                 101;               423684
                 102;               450484
                 103;               421084
                 104;               422944
                 105;               424916
                 106;               423920
                 107;               418624
                 108;               483028
                 109;               418432
                 110;               427188
                 111;               428320
                 112;               419484
                 113;               426808
                 114;               422016
                 115;               423404
                 116;               424816
                 117;               414704
                 118;               429260
                 119;               424548
                 120;               427176
                 121;               428076
                 122;               413548
                 123;               425912
                 124;               420500
                 125;               424396
                 126;               426748
                 127;               416432
                 128;               421440
                 129;               425764
                 130;               423352
                 131;               428240
                 132;               420476
                 133;               421452
                 134;               423372
                 135;               425496
                 136;               426924
                 137;               420392
                 138;               427004
                 139;               422260
                 140;               424140
                 141;               420540
                 142;               415004
                 143;               420444
                 144;               419028
                 145;               454612
                 146;               420716
                 147;               412536
                 148;               429488
                 149;               424696
                 150;               430912
                 151;               422504
                 152;               415864
                 153;               427520
                 154;               430244
                 155;               427808
                 156;               422308
                 157;               418820
                 158;               422528
                 159;               415440
                 160;               418484
                 161;               425416
                 162;               419148
                 163;               426488
                 164;               422204
                 165;               419152
                 166;               424960
                 167;               417616
                 168;               426316
                 169;               423480
                 170;               424704
                 171;               425768
                 172;               415044
                 173;               427444
                 174;               427276
                 175;               432136
                 176;               421724
                 177;               419396
                 178;               423424
                 179;               422164
                 180;               422180
                 181;               430032
                 182;               419324
                 183;               424924
                 184;               428520
                 185;               421920
                 186;               423648
                 187;               447860
                 188;               488624
                 189;               424236
                 190;               427828
                 191;               429112
                 192;               424880
                 193;               428904
                 194;               427268
                 195;               426780
                 196;               417456
                 197;               418812
                 198;               427300
                 199;               425520
                 200;               434868
                 201;               430152
                 202;               430020
                 203;               423568
                 204;               425360
                 205;               423224
                 206;               424704
                 207;               425484
                 208;               425468
                 209;               425228
                 210;               422268
                 211;               421664
                 212;               434572
                 213;               503476
                 214;               427984
                 215;               428760
                 216;               422772
                 217;               428644
                 218;               429228
                 219;               448388
                 220;               423500
                 221;               421584
                 222;               423256
                 223;               437384
                 224;               416824
                 225;               421964
                 226;               420612
                 227;               423900
                 228;               419900
                 229;               408836
                 230;               421588
                 231;               422516
                 232;               426288
                 233;               419404
                 234;               412684
                 235;               424172
                 236;               425632
                 237;               423528
                 238;               425516
                 239;               406208
                 240;               424684
                 241;               423596
                 242;               436152
                 243;               433752
                 244;               405904
                 245;               426412
                 246;               423220
                 247;               432928
                 248;               428736
                 249;               418376
                 250;               425576
                 251;               541120
                 252;               648428
                 253;               485376
                 254;               435136
                 255;               450136
                 256;               439792
                 257;               466448
                 258;               436084
                 259;               433504
                 260;               432496
                 261;               433284
                 262;               439960
                 263;               515292
                 264;               487824
                 265;               537752
                 266;               441248
                 267;               439216
                 268;               437300
                 269;               438080
                 270;               432192
                 271;               432508
                 272;               432680
                 273;               433884
                 274;               436688
                 275;               434332
                 276;               434392
                 277;               432196
                 278;               433780
                 279;               625100
                 280;               444048
                 281;               441976
                 282;               465060
                 283;               435040
                 284;               436296
                 285;               435156
                 286;               434900
                 287;               438292
                 288;              1479968
                 289;               490272
                 290;               510560
                 291;               469040
                 292;               439592
                 293;               442884
                 294;               434800
                 295;               436060
                 296;               429992
                 297;               437460
                 298;               428544
                 299;               433992
                 300;               693456
                 301;               432740
                 302;               441304
                 303;               437500
                 304;               437704
                 305;               450308
                 306;               430852
                 307;               438572
                 308;               462788
                 309;               432552
                 310;               434064
                 311;               427440
                 312;               434240
                 313;               530760
                 314;               438444
                 315;               434300
                 316;               434392
                 317;               441048
                 318;               434680
                 319;               445740
                 320;               581080
                 321;               430644
                 322;               439156
                 323;               422056
                 324;               438872
                 325;               439480
                 326;               425312
                 327;               462668
                 328;               416360
                 329;               430288
                 330;               433924
                 331;               425892
                 332;               433284
                 333;               523804
                 334;              1383492
                 335;               438672
                 336;               611740
                 337;               436700
                 338;               436000
                 339;               436708
                 340;               473996
                 341;               434572
                 342;               427144
                 343;               437016
                 344;               438204
                 345;               554804
                 346;               447232
                 347;               438016
                 348;               450568
                 349;               433476
                 350;               455724
                 351;               448136
                 352;               438152
                 353;               433228
                 354;               433524
                 355;               428988
                 356;               434276
                 357;               431020
                 358;               436896
                 359;               631472
