                   0;              4178840
                   1;               525052
                   2;               483208
                   3;               446928
                   4;               437284
                   5;               441240
                   6;               448408
                   7;               464240
                   8;               428168
                   9;               435384
                  10;               434904
                  11;               431888
                  12;               431164
                  13;               432616
                  14;               432696
                  15;               427220
                  16;               430060
                  17;               428792
                  18;               432792
                  19;               432628
                  20;               429384
                  21;               422600
                  22;               430464
                  23;               437120
                  24;               437644
                  25;               427468
                  26;               432040
                  27;               426392
                  28;               431268
                  29;               430540
                  30;               427728
                  31;               432232
                  32;               432216
                  33;               433760
                  34;               426320
                  35;               417688
                  36;               426748
                  37;               432164
                  38;               431524
                  39;               429288
                  40;               413208
                  41;               431812
                  42;               431960
                  43;               422548
                  44;               441556
                  45;               433948
                  46;               426344
                  47;               428460
                  48;               424516
                  49;               432916
                  50;               439080
                  51;               433636
                  52;               431052
                  53;               421268
                  54;               430716
                  55;               434172
                  56;               431596
                  57;               429768
                  58;               430776
                  59;               425808
                  60;               431948
                  61;               430660
                  62;               428324
                  63;               423628
                  64;               429788
                  65;               430288
                  66;               426836
                  67;               433344
                  68;               424180
                  69;               430208
                  70;               430948
                  71;               425736
                  72;               431840
                  73;               434432
                  74;               426244
                  75;               431416
                  76;               425192
                  77;               430564
                  78;               432236
                  79;               429796
                  80;               431708
                  81;               436356
                  82;               433360
                  83;               431840
                  84;               432440
                  85;               428168
                  86;               430804
                  87;               433636
                  88;               432612
                  89;               430892
                  90;               435224
                  91;               463724
                  92;               432872
                  93;               431012
                  94;               430016
                  95;               431400
                  96;               430800
                  97;               431748
                  98;               427216
                  99;               427964
                 100;               430452
                 101;               430672
                 102;               429724
                 103;               432520
                 104;               450000
                 105;               429632
                 106;               429892
                 107;               430092
                 108;               430600
                 109;               413612
                 110;               427408
                 111;               428332
                 112;               427884
                 113;               432740
                 114;               412464
                 115;               430676
                 116;               430536
                 117;               437336
                 118;               436204
                 119;               431812
                 120;               428236
                 121;               430808
                 122;               431928
                 123;               463252
                 124;               432372
                 125;               430700
                 126;               428688
                 127;               435728
                 128;               424788
                 129;               463488
                 130;               432640
                 131;               427720
                 132;               425940
                 133;               430200
                 134;               429996
                 135;               430248
                 136;               432232
                 137;               432668
                 138;               428400
                 139;               434248
                 140;               429900
                 141;               425772
                 142;               433308
                 143;               428484
                 144;               429712
                 145;               429380
                 146;               435520
                 147;               431948
                 148;               426284
                 149;               428472
                 150;               431728
                 151;               431380
                 152;               434464
                 153;               429560
                 154;               430824
                 155;               428508
                 156;               433260
                 157;               436064
                 158;               433508
                 159;               432796
                 160;               433732
                 161;               425272
                 162;               432208
                 163;               433044
                 164;               427764
                 165;               434192
                 166;               427868
                 167;               426384
                 168;               435072
                 169;               428112
                 170;               429464
                 171;               429780
                 172;               436272
                 173;               430332
                 174;               436524
                 175;               424808
                 176;               425220
                 177;               425972
                 178;               425620
                 179;               459568
                 180;               428608
                 181;               427676
                 182;               427736
                 183;               429548
                 184;               433324
                 185;               429536
                 186;               428384
                 187;               431172
                 188;               429216
                 189;               432292
                 190;               431456
                 191;               431280
                 192;               422552
                 193;               430216
                 194;               426892
                 195;               428552
                 196;               427312
                 197;               425496
                 198;               427304
                 199;               432020
                 200;               430152
                 201;               431588
                 202;               421456
                 203;               429916
                 204;               460084
                 205;               429636
                 206;               431696
                 207;               426340
                 208;               430500
                 209;               431208
                 210;               431900
                 211;               432044
                 212;               423404
                 213;               429036
                 214;               430256
                 215;               429936
                 216;               432300
                 217;               426260
                 218;               415976
                 219;               424556
                 220;               430212
                 221;               431980
                 222;               430952
                 223;               438700
                 224;               430932
                 225;               433172
                 226;               430140
                 227;               427800
                 228;               412796
                 229;               432944
                 230;               429680
                 231;               434124
                 232;               428532
                 233;               423372
                 234;               431688
                 235;               433100
                 236;               431292
                 237;               428244
                 238;               435984
                 239;               432088
                 240;               434216
                 241;               524672
                 242;               463876
                 243;               428648
                 244;               429600
                 245;               435752
                 246;               428100
                 247;               431060
                 248;               428292
                 249;               431168
                 250;               426820
                 251;               627848
                 252;               478348
                 253;               483644
                 254;               454268
                 255;               445980
                 256;               438592
                 257;               446204
                 258;               444640
                 259;               441960
                 260;               443600
                 261;               439852
                 262;               435228
                 263;               597320
                 264;               448588
                 265;               442616
                 266;               446780
                 267;               435804
                 268;               473692
                 269;               445872
                 270;               436704
                 271;               442952
                 272;               508888
                 273;               704728
                 274;               448088
                 275;               443120
                 276;               443004
                 277;               439416
                 278;               437352
                 279;               446348
                 280;               450124
                 281;               493388
                 282;               439440
                 283;               442200
                 284;               439824
                 285;               440304
                 286;               443656
                 287;               606384
                 288;               444780
                 289;               443336
                 290;               441700
                 291;               437376
                 292;               427304
                 293;               433432
                 294;               438928
                 295;               439512
                 296;               439920
                 297;               434640
                 298;               438600
                 299;               496560
                 300;               453576
                 301;               434332
                 302;               430596
                 303;               434924
                 304;               440276
                 305;               443504
                 306;               429152
                 307;               435060
                 308;               657112
                 309;               448484
                 310;               447268
                 311;               728532
                 312;               448304
                 313;               443204
                 314;               436604
                 315;               442256
                 316;               432320
                 317;               452648
                 318;               441492
                 319;               493312
                 320;               533444
                 321;               434384
                 322;               440092
                 323;               458352
                 324;               444376
                 325;               444212
                 326;               433652
                 327;               440196
                 328;               443388
                 329;               438272
                 330;               441364
                 331;               434488
                 332;               655388
                 333;               911288
                 334;              1103560
                 335;               452704
                 336;               448228
                 337;               439404
                 338;               442004
                 339;               441416
                 340;               477016
                 341;               441104
                 342;               441504
                 343;               658584
                 344;               491000
                 345;               454080
                 346;               441528
                 347;               436872
                 348;               453852
                 349;               447744
                 350;               449552
                 351;               430940
                 352;               436780
                 353;               436060
                 354;               505788
                 355;               575468
                 356;               431516
                 357;               448880
                 358;               450440
                 359;               441492
