                   0;              6145768
                   1;               488640
                   2;               482672
                   3;               446220
                   4;               441976
                   5;               674968
                   6;               457452
                   7;               479392
                   8;               437612
                   9;               441912
                  10;               435912
                  11;               432032
                  12;               439648
                  13;               439732
                  14;               430336
                  15;               427168
                  16;               432856
                  17;               437588
                  18;               436392
                  19;               523348
                  20;               496332
                  21;               431508
                  22;               430656
                  23;               435368
                  24;               427088
                  25;               434824
                  26;               437464
                  27;               431476
                  28;               433128
                  29;               417908
                  30;               430704
                  31;               435404
                  32;               438860
                  33;               432744
                  34;               417508
                  35;               423852
                  36;               424024
                  37;               428696
                  38;               434344
                  39;               444812
                  40;               419160
                  41;               433012
                  42;               434896
                  43;               431764
                  44;               434048
                  45;               425080
                  46;               484484
                  47;               430772
                  48;               429932
                  49;               431088
                  50;               436760
                  51;               437372
                  52;               435408
                  53;               429504
                  54;               432460
                  55;               422448
                  56;               433868
                  57;               430860
                  58;               436520
                  59;               427340
                  60;               426112
                  61;               429544
                  62;               430044
                  63;               432804
                  64;               431332
                  65;               436488
                  66;               430368
                  67;               438508
                  68;               434548
                  69;               432240
                  70;               428704
                  71;               433880
                  72;               489012
                  73;               426704
                  74;               429908
                  75;               428024
                  76;               432356
                  77;               433260
                  78;               435328
                  79;               429004
                  80;               424908
                  81;               435016
                  82;               433276
                  83;               430128
                  84;               432424
                  85;               457436
                  86;               429600
                  87;               435156
                  88;               432796
                  89;               428316
                  90;               430232
                  91;               429612
                  92;               426760
                  93;               423380
                  94;               427996
                  95;               429896
                  96;               432960
                  97;               435652
                  98;               412188
                  99;               432028
                 100;               431776
                 101;               435068
                 102;               430712
                 103;               416008
                 104;               427888
                 105;               431672
                 106;               428860
                 107;               433996
                 108;               432796
                 109;               429328
                 110;               438652
                 111;               432108
                 112;               427488
                 113;               434148
                 114;               434388
                 115;               429004
                 116;               434524
                 117;               460780
                 118;               429004
                 119;               427764
                 120;               431204
                 121;               436440
                 122;               428984
                 123;               434816
                 124;               431344
                 125;               432980
                 126;               433836
                 127;               433576
                 128;               427248
                 129;               426828
                 130;               428324
                 131;               429432
                 132;               429060
                 133;               427024
                 134;               423624
                 135;               430648
                 136;               434116
                 137;               438500
                 138;               427924
                 139;               421048
                 140;               431812
                 141;               437096
                 142;               434120
                 143;               432248
                 144;               424564
                 145;               432860
                 146;               432920
                 147;               430508
                 148;               430836
                 149;               461340
                 150;               433968
                 151;               432468
                 152;               428876
                 153;               434604
                 154;               423448
                 155;               434536
                 156;               429376
                 157;               430076
                 158;               426120
                 159;               426588
                 160;               433820
                 161;               429408
                 162;               428032
                 163;               429752
                 164;               418048
                 165;               431776
                 166;               432752
                 167;               441084
                 168;               424728
                 169;               425732
                 170;               432336
                 171;               433356
                 172;               428304
                 173;               435356
                 174;               484892
                 175;               434212
                 176;               434064
                 177;               426824
                 178;               425324
                 179;               434656
                 180;               427888
                 181;               433284
                 182;               434212
                 183;               433304
                 184;               428736
                 185;               437088
                 186;               430672
                 187;               424220
                 188;               437472
                 189;               430356
                 190;               433756
                 191;               432564
                 192;               417496
                 193;               434780
                 194;               425716
                 195;               435012
                 196;               432924
                 197;               419344
                 198;               436572
                 199;               465432
                 200;               434360
                 201;               433352
                 202;               420608
                 203;               434928
                 204;               436928
                 205;               433560
                 206;               423008
                 207;               418444
                 208;               428992
                 209;               439436
                 210;               430348
                 211;               435040
                 212;               428676
                 213;               431268
                 214;               429088
                 215;               435736
                 216;               431032
                 217;               435380
                 218;               428552
                 219;               426592
                 220;               434084
                 221;               429044
                 222;               432912
                 223;               434844
                 224;               455672
                 225;               431248
                 226;               425704
                 227;               435220
                 228;               428052
                 229;               434108
                 230;               429664
                 231;               429316
                 232;               429664
                 233;               431252
                 234;               435952
                 235;               428812
                 236;               431084
                 237;               423796
                 238;               435264
                 239;               428244
                 240;               430780
                 241;               434956
                 242;               434920
                 243;               427044
                 244;               431172
                 245;               432980
                 246;               434956
                 247;               433320
                 248;               430056
                 249;               462500
                 250;               440568
                 251;               640772
                 252;               485304
                 253;               483656
                 254;               461628
                 255;               451116
                 256;               472448
                 257;               441880
                 258;               437600
                 259;               446048
                 260;               437248
                 261;               437996
                 262;               588824
                 263;               438128
                 264;               451472
                 265;               448496
                 266;               442108
                 267;               439548
                 268;               436696
                 269;               499372
                 270;               441264
                 271;               439200
                 272;               436364
                 273;               653900
                 274;               457172
                 275;               541776
                 276;               450052
                 277;               604828
                 278;               438564
                 279;               449008
                 280;               437972
                 281;               426128
                 282;               437484
                 283;               433552
                 284;               447912
                 285;               440148
                 286;               541644
                 287;               456464
                 288;               441852
                 289;               442656
                 290;               442952
                 291;               449704
                 292;               444980
                 293;               429872
                 294;               445708
                 295;               434944
                 296;               433800
                 297;               432140
                 298;               435080
                 299;               555448
                 300;               450052
                 301;               436376
                 302;               439040
                 303;               439652
                 304;               435372
                 305;               444864
                 306;               436868
                 307;               440296
                 308;               465056
                 309;               441980
                 310;               491724
                 311;               445568
                 312;               446404
                 313;               444060
                 314;               440300
                 315;               439516
                 316;               436152
                 317;               453184
                 318;               847816
                 319;               450584
                 320;               447076
                 321;               468336
                 322;               444572
                 323;               435260
                 324;               440744
                 325;               438788
                 326;               612296
                 327;               454716
                 328;               442820
                 329;               458456
                 330;               442460
                 331;               442556
                 332;               439116
                 333;               448420
                 334;               443408
                 335;               444236
                 336;               438888
                 337;               440696
                 338;               437740
                 339;               503768
                 340;               439964
                 341;               445592
                 342;               442656
                 343;               444048
                 344;               442488
                 345;               541548
                 346;               440896
                 347;               437124
                 348;               444032
                 349;               440696
                 350;               430660
                 351;               446168
                 352;               440324
                 353;               519640
                 354;               440596
                 355;               424812
                 356;               449820
                 357;               447708
                 358;               447456
                 359;               448912
