                   0;              1593576
                   1;               502484
                   2;               481844
                   3;               449608
                   4;               440068
                   5;               431920
                   6;               437312
                   7;               443528
                   8;               434520
                   9;               433524
                  10;               429508
                  11;               434940
                  12;               437948
                  13;               432620
                  14;               427200
                  15;               430624
                  16;               430076
                  17;               443352
                  18;               449256
                  19;               438156
                  20;               499280
                  21;               424144
                  22;               429628
                  23;               434804
                  24;               440136
                  25;               437840
                  26;               430540
                  27;               416228
                  28;               432240
                  29;               435632
                  30;               433484
                  31;               421808
                  32;               423652
                  33;               457588
                  34;               432388
                  35;               429612
                  36;               431740
                  37;               428220
                  38;               430252
                  39;               438224
                  40;               432904
                  41;               425812
                  42;               433604
                  43;               430680
                  44;               427812
                  45;               436788
                  46;               497060
                  47;               432300
                  48;               431980
                  49;               435464
                  50;               444980
                  51;               431020
                  52;               435108
                  53;               421736
                  54;               428988
                  55;               434720
                  56;               436116
                  57;               434596
                  58;               435600
                  59;               464932
                  60;               431976
                  61;               433028
                  62;               429336
                  63;               430776
                  64;               438272
                  65;               440872
                  66;               433816
                  67;               429924
                  68;               428308
                  69;               436588
                  70;               433160
                  71;               432940
                  72;               427348
                  73;               430428
                  74;               432584
                  75;               433048
                  76;               432204
                  77;               433968
                  78;               465840
                  79;               434788
                  80;               435084
                  81;               434760
                  82;               433604
                  83;               439740
                  84;               434544
                  85;               436236
                  86;               431380
                  87;               432168
                  88;               430508
                  89;               431892
                  90;               436196
                  91;               429656
                  92;               427336
                  93;               430664
                  94;               432948
                  95;               433084
                  96;               434472
                  97;               429396
                  98;               430636
                  99;               437380
                 100;               433524
                 101;               432004
                 102;               432052
                 103;               460280
                 104;               433708
                 105;               434556
                 106;               429024
                 107;               429580
                 108;               434432
                 109;               455660
                 110;               434208
                 111;               434144
                 112;               433552
                 113;               430840
                 114;               436936
                 115;               432416
                 116;               422684
                 117;               432640
                 118;               430320
                 119;               432968
                 120;               431124
                 121;               422792
                 122;               432224
                 123;               442992
                 124;               432280
                 125;               432512
                 126;               416304
                 127;               443144
                 128;               465892
                 129;               434516
                 130;               430156
                 131;               420944
                 132;               433540
                 133;               438680
                 134;               434708
                 135;               428660
                 136;               417720
                 137;               432772
                 138;               432856
                 139;               432252
                 140;               433024
                 141;               425332
                 142;               430504
                 143;               437140
                 144;               427428
                 145;               432412
                 146;               435492
                 147;               430880
                 148;               427368
                 149;               441236
                 150;               433140
                 151;               431468
                 152;               437124
                 153;               433708
                 154;               436840
                 155;               426164
                 156;               437072
                 157;               428952
                 158;               429384
                 159;               470904
                 160;               431088
                 161;               432592
                 162;               438636
                 163;               432236
                 164;               438252
                 165;               457984
                 166;               429988
                 167;               432416
                 168;               434960
                 169;               435180
                 170;               436340
                 171;               434260
                 172;               432796
                 173;               427000
                 174;               433728
                 175;               432556
                 176;               431504
                 177;               429380
                 178;               427616
                 179;               428384
                 180;               439548
                 181;               433820
                 182;               432144
                 183;               433936
                 184;               431084
                 185;               435008
                 186;               425392
                 187;               433080
                 188;               436760
                 189;               434444
                 190;               433968
                 191;               429156
                 192;               429992
                 193;               432348
                 194;               432268
                 195;               429972
                 196;               465228
                 197;               436248
                 198;               430508
                 199;               433808
                 200;               444036
                 201;               439568
                 202;               441400
                 203;               429592
                 204;               430568
                 205;               423336
                 206;               427384
                 207;               430164
                 208;               454792
                 209;               439552
                 210;               423644
                 211;               436708
                 212;               431716
                 213;               433452
                 214;               435300
                 215;               456808
                 216;               432388
                 217;               428364
                 218;               439468
                 219;               433900
                 220;               428076
                 221;               434268
                 222;               434704
                 223;               432492
                 224;               435864
                 225;               425084
                 226;               429892
                 227;               439580
                 228;               428600
                 229;               430424
                 230;               431028
                 231;               430768
                 232;               433044
                 233;               428860
                 234;               462448
                 235;               422084
                 236;               430364
                 237;               429940
                 238;               434596
                 239;               433372
                 240;               416904
                 241;               429592
                 242;               428584
                 243;               432084
                 244;               433288
                 245;               412096
                 246;               438316
                 247;               434312
                 248;               434248
                 249;               432148
                 250;               422932
                 251;               622632
                 252;               544148
                 253;               758396
                 254;               453772
                 255;               449096
                 256;               447312
                 257;               443644
                 258;               443544
                 259;               440760
                 260;               434068
                 261;               444064
                 262;               434152
                 263;               440448
                 264;               443408
                 265;               446276
                 266;               475516
                 267;               439220
                 268;               445004
                 269;               667520
                 270;               446244
                 271;               442024
                 272;              1364544
                 273;               471852
                 274;               441924
                 275;               441128
                 276;               442736
                 277;               441608
                 278;               446468
                 279;               439804
                 280;               436728
                 281;               492224
                 282;               501924
                 283;               447520
                 284;               446564
                 285;               442908
                 286;               442856
                 287;               441356
                 288;               443900
                 289;               439656
                 290;               439884
                 291;               439652
                 292;               470352
                 293;               613968
                 294;               453660
                 295;               447572
                 296;               438920
                 297;               442944
                 298;               450528
                 299;               438244
                 300;               443756
                 301;               436844
                 302;               581248
                 303;               848948
                 304;               439464
                 305;               590808
                 306;               450596
                 307;               446744
                 308;               443136
                 309;               421448
                 310;               438932
                 311;               443324
                 312;               439756
                 313;               435796
                 314;               419796
                 315;               500168
                 316;               550308
                 317;               448528
                 318;               441944
                 319;               443092
                 320;               444120
                 321;               444160
                 322;               436624
                 323;               438860
                 324;               451488
                 325;               443668
                 326;               659856
                 327;               461044
                 328;               448076
                 329;               435820
                 330;               439268
                 331;               442140
                 332;               441968
                 333;               438064
                 334;               431868
                 335;               442164
                 336;               440500
                 337;               441680
                 338;               439100
                 339;               431720
                 340;               435448
                 341;               433860
                 342;               580948
                 343;               472456
                 344;               436788
                 345;               443548
                 346;               441752
                 347;               440420
                 348;               444280
                 349;               456564
                 350;               450160
                 351;              1753448
                 352;               441520
                 353;               611412
                 354;               442444
                 355;               441300
                 356;               444116
                 357;               440656
                 358;               447760
                 359;               444544
