                   0;               698456
                   1;               651084
                   2;               615492
                   3;               600048
                   4;               590476
                   5;               601692
                   6;               595648
                   7;               599980
                   8;               596968
                   9;               596448
                  10;               600660
                  11;               593160
                  12;               593564
                  13;               597740
                  14;               592772
                  15;               595680
                  16;               582328
                  17;               594820
                  18;               592992
                  19;               592312
                  20;               599384
                  21;               599428
                  22;               593856
                  23;               600392
                  24;               589056
                  25;               596968
                  26;               597000
                  27;               597336
                  28;               593020
                  29;               593016
                  30;               591756
                  31;               592484
                  32;               595264
                  33;               594376
                  34;               603112
                  35;               596308
                  36;               575968
                  37;               602524
                  38;               591184
                  39;               596964
                  40;               597052
                  41;               593264
                  42;               592528
                  43;               592692
                  44;               587564
                  45;               596500
                  46;               590884
                  47;               597404
                  48;               596196
                  49;               601180
                  50;               596136
                  51;               585292
                  52;               597256
                  53;               594852
                  54;               597908
                  55;               594904
                  56;               583104
                  57;               594044
                  58;               596844
                  59;               595076
                  60;               595788
                  61;               594272
                  62;               598300
                  63;               595060
                  64;               633888
                  65;               593404
                  66;               594288
                  67;               594184
                  68;               597664
                  69;               594196
                  70;               598436
                  71;               586308
                  72;               635068
                  73;               594612
                  74;               595212
                  75;               596440
                  76;               580176
                  77;               596172
                  78;               595160
                  79;               593140
                  80;               641012
                  81;               596596
                  82;               597504
                  83;               594460
                  84;               599404
                  85;               613368
                  86;               599768
                  87;               600336
                  88;               636436
                  89;               594696
                  90;               594832
                  91;               591088
                  92;               598732
                  93;               595040
                  94;               593584
                  95;               595592
                  96;               588456
                  97;               595320
                  98;               589244
                  99;               591808
                 100;               600420
                 101;               598424
                 102;               591880
                 103;               587252
                 104;               595788
                 105;               593032
                 106;               596316
                 107;               594748
                 108;               596592
                 109;               597696
                 110;               596700
                 111;               600028
                 112;               594328
                 113;               594400
                 114;               599116
                 115;               599024
                 116;               596228
                 117;               591856
                 118;               587624
                 119;               597760
                 120;               596928
                 121;               599792
                 122;               596996
                 123;               578464
                 124;               599300
                 125;               629892
                 126;               592648
                 127;               595260
                 128;               593712
                 129;               597992
                 130;               600412
                 131;               596504
                 132;               594368
                 133;               635544
                 134;               598848
                 135;               597288
                 136;               592964
                 137;               591892
                 138;               587988
                 139;               594280
                 140;               592280
                 141;               639208
                 142;               595284
                 143;               577228
                 144;               590476
                 145;               587728
                 146;               597296
                 147;               596116
                 148;               595508
                 149;               595496
                 150;               594960
                 151;               598988
                 152;               596756
                 153;               596988
                 154;               594292
                 155;               594912
                 156;               592812
                 157;               590824
                 158;               591240
                 159;               596648
                 160;               596988
                 161;               599476
                 162;               594424
                 163;               581988
                 164;               594000
                 165;               585712
                 166;               594580
                 167;               606552
                 168;               593484
                 169;               594504
                 170;               638716
                 171;               593216
                 172;               590740
                 173;               591864
                 174;               597328
                 175;               599912
                 176;               592948
                 177;               592584
                 178;               637804
                 179;               595764
                 180;               595520
                 181;               596332
                 182;               590856
                 183;               596296
                 184;               591000
                 185;               589680
                 186;               591140
                 187;               590216
                 188;               596988
                 189;               594764
                 190;               582396
                 191;               596376
                 192;               586020
                 193;               592716
                 194;               593964
                 195;               597788
                 196;               596760
                 197;               598472
                 198;               594092
                 199;               592684
                 200;               594500
                 201;               600696
                 202;               594548
                 203;               593148
                 204;               594720
                 205;               594900
                 206;               596752
                 207;               638792
                 208;               595008
                 209;               594676
                 210;               576512
                 211;               595552
                 212;               590636
                 213;               595140
                 214;               596132
                 215;               641228
                 216;               595804
                 217;               594092
                 218;               594592
                 219;               584864
                 220;               592668
                 221;               597916
                 222;               600684
                 223;               636112
                 224;               593724
                 225;               596208
                 226;               589476
                 227;               590788
                 228;               600184
                 229;               593072
                 230;               582868
                 231;               592860
                 232;               592576
                 233;               593376
                 234;               594688
                 235;               594168
                 236;               595652
                 237;               593424
                 238;               594492
                 239;               584408
                 240;               595312
                 241;               598984
                 242;               596396
                 243;               596220
                 244;               594744
                 245;               589428
                 246;               592016
                 247;               596028
                 248;               593780
                 249;               594892
                 250;               587208
                 251;               606764
                 252;               662280
                 253;               641124
                 254;               625348
                 255;               608072
                 256;               647764
                 257;               600012
                 258;               641488
                 259;               602112
                 260;               637972
                 261;               600912
                 262;               601900
                 263;               588496
                 264;               605688
                 265;               632984
                 266;               597576
                 267;               604952
                 268;               601680
                 269;               647012
                 270;               611872
                 271;               654936
                 272;               590476
                 273;               603744
                 274;               604936
                 275;               620252
                 276;               599604
                 277;               601832
                 278;               604864
                 279;               602900
                 280;               673508
                 281;               604868
                 282;               601080
                 283;               603216
                 284;               602448
                 285;               596416
                 286;               619864
                 287;               611116
                 288;               598516
                 289;               596556
                 290;               598480
                 291;               603396
                 292;               602548
                 293;               606084
                 294;               610008
                 295;               599892
                 296;               586420
                 297;               619556
                 298;               606700
                 299;               688380
                 300;               603852
                 301;               606832
                 302;               604828
                 303;               598136
                 304;               603068
                 305;               595876
                 306;               605804
                 307;               620940
                 308;               594460
                 309;               583768
                 310;               644240
                 311;               603512
                 312;               616644
                 313;               603092
                 314;               603204
                 315;               607984
                 316;               606728
                 317;               646112
                 318;               586264
                 319;               602700
                 320;               610364
                 321;               607664
                 322;               651788
                 323;               601868
                 324;               605340
                 325;               601216
                 326;               605428
                 327;               605388
                 328;               605856
                 329;               605236
                 330;               630724
                 331;               595180
                 332;               601340
                 333;               605508
                 334;               613272
                 335;               653560
                 336;               601656
                 337;               601936
                 338;               593432
                 339;               606372
                 340;               738192
                 341;               599700
                 342;               596888
                 343;               601304
                 344;               607572
                 345;               604416
                 346;               597324
                 347;               599372
                 348;               605040
                 349;               606460
                 350;               621164
                 351;               640764
                 352;               601664
                 353;               609572
                 354;               610460
                 355;               648312
                 356;               600140
                 357;               598672
                 358;               600556
                 359;               602952
