                   0;               702876
                   1;               759640
                   2;               615528
                   3;               618292
                   4;               606704
                   5;               599408
                   6;               604896
                   7;               598480
                   8;               595332
                   9;               612288
                  10;               593948
                  11;               599772
                  12;               596404
                  13;               597164
                  14;               598484
                  15;               598440
                  16;               596500
                  17;               599364
                  18;               598572
                  19;               596544
                  20;               600644
                  21;               598496
                  22;               579144
                  23;               585384
                  24;               601336
                  25;               598924
                  26;               599856
                  27;               598432
                  28;               596356
                  29;               599284
                  30;               599648
                  31;               598096
                  32;               598828
                  33;               601232
                  34;               593872
                  35;               593924
                  36;               601816
                  37;               600380
                  38;               594540
                  39;               593680
                  40;               602668
                  41;               600068
                  42;               581148
                  43;               595084
                  44;               596464
                  45;               590584
                  46;               595740
                  47;               594280
                  48;               597716
                  49;               600628
                  50;               591952
                  51;               599552
                  52;               594660
                  53;               596860
                  54;               598676
                  55;               593192
                  56;               595864
                  57;               598696
                  58;               600868
                  59;               598420
                  60;               604724
                  61;               599016
                  62;               584588
                  63;               592460
                  64;               598684
                  65;               595536
                  66;               595900
                  67;               601532
                  68;               597692
                  69;               595968
                  70;               597428
                  71;               592684
                  72;               596084
                  73;               606444
                  74;               596240
                  75;               593980
                  76;               642228
                  77;               595708
                  78;               591900
                  79;               590248
                  80;               597148
                  81;               601428
                  82;               584052
                  83;               591504
                  84;               638404
                  85;               592532
                  86;               604344
                  87;               597804
                  88;               595540
                  89;               591612
                  90;               585672
                  91;               597564
                  92;               595192
                  93;               595696
                  94;               597596
                  95;               597156
                  96;               596176
                  97;               590776
                  98;               596516
                  99;               601160
                 100;               600008
                 101;               595324
                 102;               600904
                 103;               599748
                 104;               594036
                 105;               596040
                 106;               596556
                 107;               594900
                 108;               594436
                 109;               580504
                 110;               596012
                 111;               597724
                 112;               598556
                 113;               597560
                 114;               595516
                 115;               594160
                 116;               589792
                 117;               585972
                 118;               598528
                 119;               594948
                 120;               598144
                 121;               597192
                 122;               595484
                 123;               594508
                 124;               595804
                 125;               593092
                 126;               599368
                 127;               599868
                 128;               595440
                 129;               577168
                 130;               597500
                 131;               600420
                 132;               593016
                 133;               596476
                 134;               600752
                 135;               589244
                 136;               590704
                 137;               625496
                 138;               594156
                 139;               600712
                 140;               601328
                 141;               594232
                 142;               597376
                 143;               599128
                 144;               592888
                 145;               594820
                 146;               593472
                 147;               596372
                 148;               593016
                 149;               580332
                 150;               604932
                 151;               599652
                 152;               595080
                 153;               599696
                 154;               597140
                 155;               596240
                 156;               597608
                 157;               594308
                 158;               592212
                 159;               594940
                 160;               594104
                 161;               600168
                 162;               590228
                 163;               598392
                 164;               589732
                 165;               596212
                 166;               636536
                 167;               596700
                 168;               595668
                 169;               601036
                 170;               596000
                 171;               595860
                 172;               595656
                 173;               597660
                 174;               638756
                 175;               596240
                 176;               580020
                 177;               595516
                 178;               599064
                 179;               600180
                 180;               596244
                 181;               599892
                 182;               598140
                 183;               597036
                 184;               593060
                 185;               593276
                 186;               598988
                 187;               598748
                 188;               593076
                 189;               591956
                 190;               596296
                 191;               589380
                 192;               594340
                 193;               595780
                 194;               596844
                 195;               634180
                 196;               577436
                 197;               592120
                 198;               591460
                 199;               594900
                 200;               601696
                 201;               595892
                 202;               599940
                 203;               639472
                 204;               597628
                 205;               596120
                 206;               594776
                 207;               592156
                 208;               603100
                 209;               592816
                 210;               596744
                 211;               586576
                 212;               595320
                 213;               597952
                 214;               595428
                 215;               593972
                 216;               592404
                 217;               596464
                 218;               591324
                 219;               597944
                 220;               596592
                 221;               594504
                 222;               595648
                 223;               589416
                 224;               595304
                 225;               594132
                 226;               600188
                 227;               596044
                 228;               596400
                 229;               597684
                 230;               591952
                 231;               596820
                 232;               636280
                 233;               594564
                 234;               595876
                 235;               598336
                 236;               596092
                 237;               601568
                 238;               591588
                 239;               597836
                 240;               641892
                 241;               599220
                 242;               595936
                 243;               577628
                 244;               596636
                 245;               592644
                 246;               595136
                 247;               601344
                 248;               597168
                 249;               595684
                 250;               601048
                 251;               607960
                 252;               613640
                 253;               614180
                 254;               621732
                 255;               615916
                 256;               647400
                 257;               612164
                 258;               612848
                 259;               605280
                 260;               601836
                 261;               607908
                 262;               601580
                 263;               622012
                 264;               604520
                 265;               600732
                 266;               605948
                 267;               616184
                 268;               609604
                 269;               630360
                 270;               602232
                 271;               596816
                 272;               609900
                 273;               608504
                 274;               605976
                 275;               643144
                 276;               590532
                 277;               606476
                 278;               622028
                 279;               604756
                 280;               607360
                 281;               614848
                 282;               599140
                 283;               638152
                 284;               597220
                 285;               594944
                 286;               596016
                 287;               597216
                 288;               605048
                 289;               598792
                 290;               595372
                 291;               685252
                 292;               597112
                 293;               594276
                 294;               597896
                 295;               593748
                 296;               584448
                 297;               593992
                 298;               587572
                 299;               641988
                 300;               593772
                 301;               599220
                 302;               594184
                 303;               596260
                 304;               598392
                 305;               594772
                 306;               596080
                 307;               641728
                 308;               596188
                 309;               590236
                 310;               596776
                 311;               593388
                 312;               597904
                 313;               607648
                 314;               597788
                 315;               639960
                 316;               589696
                 317;               609408
                 318;               609240
                 319;               600520
                 320;               606032
                 321;               622128
                 322;               612736
                 323;               614976
                 324;               601988
                 325;               601664
                 326;               604800
                 327;               619976
                 328;               602840
                 329;               602668
                 330;               608108
                 331;               609868
                 332;               605232
                 333;               607556
                 334;               624820
                 335;               603584
                 336;               584824
                 337;               602724
                 338;               600224
                 339;               639232
                 340;               600712
                 341;               605748
                 342;               611100
                 343;               611556
                 344;               610264
                 345;               602188
                 346;               621492
                 347;               613612
                 348;               616444
                 349;               605396
                 350;               666200
                 351;               606540
                 352;               609180
                 353;               611384
                 354;               607336
                 355;               607992
                 356;               609420
                 357;               612584
                 358;               596028
                 359;               603192
