                   0;               663228
                   1;               626628
                   2;               604852
                   3;               601440
                   4;               607044
                   5;               601412
                   6;               601068
                   7;               659024
                   8;               595308
                   9;               622708
                  10;               598428
                  11;               600204
                  12;               590972
                  13;               577076
                  14;               600856
                  15;               603416
                  16;               597692
                  17;               601064
                  18;               596296
                  19;               594436
                  20;               596548
                  21;               598960
                  22;               599376
                  23;               591512
                  24;               613760
                  25;               595396
                  26;               608744
                  27;               592640
                  28;               598052
                  29;               663360
                  30;               597044
                  31;               602208
                  32;               584416
                  33;               589004
                  34;               595900
                  35;               595188
                  36;               597936
                  37;               668688
                  38;               596532
                  39;               598004
                  40;               599476
                  41;               595772
                  42;               598860
                  43;               597840
                  44;               597240
                  45;               634956
                  46;               588196
                  47;               597364
                  48;               598024
                  49;               599500
                  50;               602192
                  51;               595696
                  52;               588284
                  53;               637064
                  54;               595296
                  55;               596108
                  56;               595056
                  57;               596124
                  58;               597260
                  59;               592172
                  60;               596544
                  61;               652628
                  62;               596344
                  63;               593716
                  64;               591280
                  65;               595936
                  66;               596976
                  67;               594832
                  68;               599848
                  69;               640904
                  70;               599076
                  71;               593504
                  72;               586668
                  73;               580144
                  74;               594368
                  75;               591448
                  76;               598072
                  77;               598196
                  78;               598392
                  79;               597432
                  80;               595504
                  81;               595296
                  82;               593808
                  83;               596416
                  84;               595432
                  85;               599812
                  86;               593572
                  87;               596216
                  88;               593576
                  89;               592348
                  90;               661404
                  91;               600712
                  92;               598712
                  93;               577896
                  94;               593592
                  95;               598628
                  96;               596700
                  97;               598320
                  98;               642452
                  99;               585536
                 100;               595696
                 101;               594372
                 102;               595708
                 103;               594488
                 104;               598668
                 105;               599996
                 106;               599044
                 107;               594724
                 108;               596828
                 109;               596612
                 110;               593924
                 111;               593112
                 112;               596068
                 113;               598268
                 114;               597144
                 115;               595848
                 116;               604900
                 117;               598160
                 118;               596884
                 119;               652368
                 120;               583204
                 121;               598008
                 122;               597024
                 123;               595252
                 124;               600816
                 125;               595052
                 126;               584824
                 127;               636468
                 128;               596340
                 129;               597328
                 130;               592336
                 131;               598476
                 132;               598188
                 133;               592864
                 134;               598284
                 135;               636104
                 136;               596968
                 137;               598368
                 138;               592776
                 139;               596308
                 140;               578144
                 141;               596816
                 142;               596660
                 143;               595356
                 144;               598700
                 145;               601012
                 146;               587316
                 147;               595120
                 148;               594736
                 149;               597380
                 150;               599064
                 151;               597396
                 152;               597188
                 153;               590340
                 154;               591568
                 155;               593984
                 156;               642620
                 157;               599300
                 158;               598448
                 159;               593812
                 160;               596576
                 161;               603100
                 162;               592860
                 163;               594924
                 164;               594236
                 165;               598400
                 166;               596764
                 167;               582864
                 168;               596136
                 169;               593040
                 170;               591288
                 171;               600484
                 172;               599112
                 173;               589516
                 174;               597756
                 175;               593496
                 176;               595104
                 177;               637516
                 178;               597980
                 179;               596900
                 180;               586484
                 181;               596552
                 182;               598932
                 183;               591824
                 184;               594192
                 185;               594548
                 186;               592344
                 187;               581376
                 188;               590460
                 189;               594780
                 190;               594256
                 191;               597932
                 192;               596852
                 193;               593504
                 194;               596828
                 195;               597524
                 196;               595468
                 197;               596740
                 198;               640700
                 199;               593384
                 200;               591976
                 201;               596628
                 202;               593284
                 203;               593024
                 204;               591480
                 205;               597744
                 206;               592924
                 207;               586392
                 208;               596552
                 209;               594388
                 210;               594708
                 211;               593252
                 212;               595616
                 213;               595940
                 214;               576624
                 215;               594664
                 216;               599624
                 217;               590916
                 218;               600208
                 219;               635488
                 220;               592020
                 221;               594896
                 222;               596068
                 223;               595560
                 224;               594516
                 225;               596084
                 226;               592440
                 227;               630436
                 228;               593804
                 229;               596496
                 230;               594884
                 231;               598504
                 232;               600164
                 233;               591648
                 234;               580888
                 235;               594132
                 236;               599516
                 237;               595924
                 238;               593720
                 239;               601240
                 240;               593056
                 241;               583832
                 242;               594968
                 243;               595860
                 244;               595372
                 245;               601344
                 246;               597988
                 247;               595264
                 248;               636080
                 249;               599564
                 250;               596556
                 251;               603432
                 252;               602076
                 253;               599816
                 254;               589420
                 255;               592940
                 256;               646592
                 257;               594104
                 258;               642924
                 259;               640784
                 260;               639660
                 261;               647548
                 262;               607108
                 263;               617296
                 264;               604352
                 265;               604800
                 266;               606268
                 267;               600960
                 268;               605968
                 269;               606360
                 270;               600204
                 271;               608944
                 272;               608612
                 273;               628304
                 274;               612648
                 275;               664672
                 276;               601532
                 277;               607336
                 278;               651748
                 279;               618576
                 280;               603376
                 281;               598792
                 282;               606480
                 283;               606612
                 284;               636812
                 285;               627448
                 286;               602948
                 287;               572804
                 288;               605176
                 289;               636488
                 290;               595108
                 291;               597696
                 292;               600356
                 293;               597812
                 294;               596224
                 295;               598328
                 296;               598068
                 297;               595764
                 298;               598284
                 299;               596176
                 300;               599656
                 301;               596740
                 302;               591076
                 303;               596252
                 304;               596232
                 305;               599164
                 306;               596708
                 307;               577912
                 308;               595148
                 309;               597728
                 310;               637780
                 311;               594268
                 312;               598140
                 313;               596728
                 314;               589656
                 315;               600236
                 316;               597032
                 317;               600296
                 318;               643240
                 319;               601112
                 320;               599712
                 321;               597488
                 322;               598304
                 323;               599804
                 324;               595932
                 325;               665716
                 326;               643076
                 327;               600208
                 328;               604140
                 329;               613432
                 330;               662880
                 331;               605372
                 332;               607552
                 333;               602220
                 334;               601100
                 335;               685960
                 336;               601260
                 337;               640248
                 338;               607516
                 339;               605372
                 340;               622680
                 341;               603716
                 342;               607996
                 343;               602404
                 344;               604976
                 345;               637176
                 346;               602548
                 347;               583576
                 348;               608688
                 349;               641600
                 350;               603308
                 351;               606048
                 352;               603944
                 353;               635424
                 354;               598948
                 355;               601928
                 356;               640908
                 357;               607568
                 358;               657792
                 359;               599504
