                   0;               699344
                   1;               643088
                   2;               611524
                   3;               610708
                   4;               600460
                   5;               601168
                   6;               600980
                   7;               600836
                   8;               602944
                   9;               598208
                  10;               599536
                  11;               603956
                  12;               596640
                  13;               605492
                  14;               592144
                  15;               596900
                  16;               599740
                  17;               593500
                  18;               599944
                  19;               604444
                  20;               594192
                  21;               589472
                  22;               645384
                  23;               598856
                  24;               601500
                  25;               595316
                  26;               598204
                  27;               597116
                  28;               594060
                  29;               597432
                  30;               641988
                  31;               593412
                  32;               594024
                  33;               597484
                  34;               596244
                  35;               594824
                  36;               599620
                  37;               598132
                  38;               638240
                  39;               595644
                  40;               600124
                  41;               589476
                  42;               582368
                  43;               602332
                  44;               597044
                  45;               598668
                  46;               646460
                  47;               596248
                  48;               586892
                  49;               595796
                  50;               601704
                  51;               602200
                  52;               597716
                  53;               601356
                  54;               591932
                  55;               597788
                  56;               596160
                  57;               597276
                  58;               600524
                  59;               593860
                  60;               596672
                  61;               600264
                  62;               586132
                  63;               597324
                  64;               599544
                  65;               597980
                  66;               602244
                  67;               598256
                  68;               587584
                  69;               598048
                  70;               596272
                  71;               595008
                  72;               601060
                  73;               595072
                  74;               597896
                  75;               634952
                  76;               597756
                  77;               590400
                  78;               597284
                  79;               597116
                  80;               602676
                  81;               597412
                  82;               595992
                  83;               638520
                  84;               600160
                  85;               599044
                  86;               598116
                  87;               599256
                  88;               595544
                  89;               580600
                  90;               594748
                  91;               593128
                  92;               596796
                  93;               596592
                  94;               600880
                  95;               587032
                  96;               597120
                  97;               594040
                  98;               597852
                  99;               597596
                 100;               597652
                 101;               599576
                 102;               592508
                 103;               598852
                 104;               636508
                 105;               601436
                 106;               593940
                 107;               597372
                 108;               597604
                 109;               585204
                 110;               599500
                 111;               595860
                 112;               638904
                 113;               595100
                 114;               596936
                 115;               594388
                 116;               597724
                 117;               598376
                 118;               596824
                 119;               598340
                 120;               668992
                 121;               605432
                 122;               595712
                 123;               598800
                 124;               597260
                 125;               600152
                 126;               598376
                 127;               601072
                 128;               644156
                 129;               589776
                 130;               599716
                 131;               596312
                 132;               598928
                 133;               598448
                 134;               599780
                 135;               619612
                 136;               589032
                 137;               601344
                 138;               597088
                 139;               595560
                 140;               601948
                 141;               596048
                 142;               590544
                 143;               595156
                 144;               594016
                 145;               596124
                 146;               594384
                 147;               593576
                 148;               595256
                 149;               628276
                 150;               600908
                 151;               596404
                 152;               597244
                 153;               601572
                 154;               601264
                 155;               592628
                 156;               577672
                 157;               643888
                 158;               597804
                 159;               597812
                 160;               598708
                 161;               598008
                 162;               598072
                 163;               596292
                 164;               595212
                 165;               601016
                 166;               592676
                 167;               600476
                 168;               600608
                 169;               593044
                 170;               597056
                 171;               593932
                 172;               595720
                 173;               596112
                 174;               600356
                 175;               598964
                 176;               585472
                 177;               597432
                 178;               643984
                 179;               597792
                 180;               598648
                 181;               602084
                 182;               596912
                 183;               590256
                 184;               592944
                 185;               596096
                 186;               598088
                 187;               599632
                 188;               597176
                 189;               594520
                 190;               597520
                 191;               595284
                 192;               595232
                 193;               599544
                 194;               596856
                 195;               596116
                 196;               584396
                 197;               593836
                 198;               595420
                 199;               599136
                 200;               595828
                 201;               598844
                 202;               593720
                 203;               603216
                 204;               600172
                 205;               597084
                 206;               596928
                 207;               636292
                 208;               593896
                 209;               598156
                 210;               595044
                 211;               593248
                 212;               602444
                 213;               594784
                 214;               601372
                 215;               636912
                 216;               590808
                 217;               597144
                 218;               599932
                 219;               597180
                 220;               599840
                 221;               597680
                 222;               596956
                 223;               581348
                 224;               593244
                 225;               598860
                 226;               595544
                 227;               600452
                 228;               599900
                 229;               592260
                 230;               589280
                 231;               592028
                 232;               593476
                 233;               597104
                 234;               598156
                 235;               596396
                 236;               644088
                 237;               599644
                 238;               598448
                 239;               596400
                 240;               603372
                 241;               600288
                 242;               591620
                 243;               584924
                 244;               636496
                 245;               596156
                 246;               596164
                 247;               598116
                 248;               596860
                 249;               606972
                 250;               589696
                 251;               607664
                 252;               645076
                 253;               596860
                 254;               598440
                 255;               597636
                 256;               595256
                 257;               600844
                 258;               599352
                 259;               594408
                 260;               692512
                 261;               625612
                 262;               661016
                 263;               593712
                 264;               756012
                 265;               609816
                 266;               604896
                 267;               654144
                 268;               604816
                 269;               603552
                 270;               604392
                 271;               610492
                 272;               624820
                 273;               604164
                 274;               660816
                 275;               609948
                 276;               595644
                 277;               606244
                 278;               631368
                 279;               608712
                 280;               607464
                 281;               608620
                 282;               606972
                 283;               597796
                 284;               602796
                 285;               601336
                 286;               606524
                 287;               605552
                 288;               596596
                 289;               598308
                 290;               602984
                 291;               590620
                 292;               603272
                 293;               596072
                 294;               600544
                 295;               601240
                 296;               583980
                 297;               599264
                 298;               636172
                 299;               596180
                 300;               596576
                 301;               597472
                 302;               595852
                 303;               586028
                 304;               598656
                 305;               597720
                 306;               638732
                 307;               598468
                 308;               594376
                 309;               596128
                 310;               600480
                 311;               598560
                 312;               597640
                 313;               597640
                 314;               598964
                 315;               598004
                 316;               601384
                 317;               594860
                 318;               596320
                 319;               639936
                 320;               595668
                 321;               600828
                 322;               590476
                 323;               581656
                 324;               602852
                 325;               595964
                 326;               599188
                 327;               652972
                 328;               616260
                 329;               679260
                 330;               595704
                 331;               606872
                 332;               608324
                 333;               613512
                 334;               610560
                 335;               632016
                 336;               598996
                 337;               603292
                 338;               644240
                 339;               611312
                 340;               631592
                 341;               603332
                 342;               606720
                 343;               597180
                 344;               609732
                 345;               619712
                 346;               644348
                 347;               606676
                 348;               611672
                 349;               607852
                 350;               615992
                 351;               608800
                 352;               603796
                 353;               609672
                 354;               778400
                 355;               600316
                 356;               592240
                 357;               608580
                 358;               603388
                 359;               606108
