                   0;               695340
                   1;               897264
                   2;               685484
                   3;               633376
                   4;               850200
                   5;               686292
                   6;               680584
                   7;               815268
                   8;               685924
                   9;               684096
                  10;               732576
                  11;               677896
                  12;               664500
                  13;               670368
                  14;               642944
                  15;               640148
                  16;               624532
                  17;               615184
                  18;               623408
                  19;               608972
                  20;               603300
                  21;               599048
                  22;               600240
                  23;               600312
                  24;               597148
                  25;               599028
                  26;               599352
                  27;               601692
                  28;               597620
                  29;               589680
                  30;               596224
                  31;               597628
                  32;               597592
                  33;               603532
                  34;               605412
                  35;               601500
                  36;               590280
                  37;               649692
                  38;               593848
                  39;               595260
                  40;               593964
                  41;               597284
                  42;               600228
                  43;               595952
                  44;               598796
                  45;               643520
                  46;               585844
                  47;               601320
                  48;               597752
                  49;               597864
                  50;               603112
                  51;               602212
                  52;               601968
                  53;               600440
                  54;               598052
                  55;               599308
                  56;               582544
                  57;               597604
                  58;               596188
                  59;               596900
                  60;               600156
                  61;               602832
                  62;               596444
                  63;               599676
                  64;               597500
                  65;               597684
                  66;               588820
                  67;               601068
                  68;               594540
                  69;               597236
                  70;               596468
                  71;               594368
                  72;               603572
                  73;               601200
                  74;               595692
                  75;               595800
                  76;               582700
                  77;               594728
                  78;               600940
                  79;               601684
                  80;               597432
                  81;               600900
                  82;               640072
                  83;               602096
                  84;               602388
                  85;               601884
                  86;               594340
                  87;               595448
                  88;               599188
                  89;               599856
                  90;               599616
                  91;               596404
                  92;               601384
                  93;               591204
                  94;               600732
                  95;               597780
                  96;               597812
                  97;               595996
                  98;               594692
                  99;               600096
                 100;               600208
                 101;               602648
                 102;               601684
                 103;               619816
                 104;               595404
                 105;               605688
                 106;               597584
                 107;               599684
                 108;               606468
                 109;               598680
                 110;               596000
                 111;               644520
                 112;               598732
                 113;               596140
                 114;               599000
                 115;               597660
                 116;               600740
                 117;               598416
                 118;               598724
                 119;               594116
                 120;               588320
                 121;               603440
                 122;               595768
                 123;               588632
                 124;               647644
                 125;               597380
                 126;               600020
                 127;               599056
                 128;               597784
                 129;               604188
                 130;               601800
                 131;               598512
                 132;               635980
                 133;               598516
                 134;               600056
                 135;               596332
                 136;               598844
                 137;               597884
                 138;               597652
                 139;               603820
                 140;               592236
                 141;               602716
                 142;               601428
                 143;               601000
                 144;               600132
                 145;               600184
                 146;               597636
                 147;               587880
                 148;               598408
                 149;               599052
                 150;               586480
                 151;               601936
                 152;               600440
                 153;               640040
                 154;               601956
                 155;               599024
                 156;               596964
                 157;               597128
                 158;               604048
                 159;               599576
                 160;               601724
                 161;               639804
                 162;               598664
                 163;               598144
                 164;               595576
                 165;               595940
                 166;               600744
                 167;               591336
                 168;               595196
                 169;               597564
                 170;               593484
                 171;               599992
                 172;               593604
                 173;               600780
                 174;               632748
                 175;               599364
                 176;               600032
                 177;               585144
                 178;               595896
                 179;               601716
                 180;               598148
                 181;               597416
                 182;               639872
                 183;               594396
                 184;               595276
                 185;               595964
                 186;               599264
                 187;               598996
                 188;               595404
                 189;               595432
                 190;               598132
                 191;               599912
                 192;               602728
                 193;               597136
                 194;               592228
                 195;               638400
                 196;               597492
                 197;               582944
                 198;               597228
                 199;               594276
                 200;               607508
                 201;               590392
                 202;               600680
                 203;               640568
                 204;               597152
                 205;               596628
                 206;               595708
                 207;               596148
                 208;               605848
                 209;               598848
                 210;               597780
                 211;               595720
                 212;               598144
                 213;               598316
                 214;               595060
                 215;               604372
                 216;               604880
                 217;               601308
                 218;               599996
                 219;               596064
                 220;               597816
                 221;               599464
                 222;               601272
                 223;               598500
                 224;               620176
                 225;               594072
                 226;               595296
                 227;               595588
                 228;               589636
                 229;               603588
                 230;               597776
                 231;               600036
                 232;               597040
                 233;               597824
                 234;               601196
                 235;               599472
                 236;               598920
                 237;               593608
                 238;               599476
                 239;               594728
                 240;               596132
                 241;               594768
                 242;               609344
                 243;               596564
                 244;               594228
                 245;               640168
                 246;               598412
                 247;               598164
                 248;               599436
                 249;               601252
                 250;               598280
                 251;               600924
                 252;               664132
                 253;               642844
                 254;               622596
                 255;               617524
                 256;               608404
                 257;               606912
                 258;               602248
                 259;               610356
                 260;               632504
                 261;               619068
                 262;               605876
                 263;               603736
                 264;               622080
                 265;               600504
                 266;               603332
                 267;               606988
                 268;               607684
                 269;               606660
                 270;               639984
                 271;               656332
                 272;               618860
                 273;               601652
                 274;               608828
                 275;               610244
                 276;               656612
                 277;               598204
                 278;               603200
                 279;               598724
                 280;               607200
                 281;               743436
                 282;               601476
                 283;               605064
                 284;               607192
                 285;               601132
                 286;               608420
                 287;               604828
                 288;               609176
                 289;               607640
                 290;               608008
                 291;               667380
                 292;               659872
                 293;               605204
                 294;               600884
                 295;               614448
                 296;               681204
                 297;               605796
                 298;               606192
                 299;               608772
                 300;               612888
                 301;               606032
                 302;               603348
                 303;               588084
                 304;               602404
                 305;               605372
                 306;               652704
                 307;               599940
                 308;               651064
                 309;               603480
                 310;               600040
                 311;               609648
                 312;               610892
                 313;               692376
                 314;               600528
                 315;               602304
                 316;               588368
                 317;               648388
                 318;               605060
                 319;               647408
                 320;               594784
                 321;               607944
                 322;               607584
                 323;               679000
                 324;               603520
                 325;               610768
                 326;               608744
                 327;               613284
                 328;               721800
                 329;               588748
                 330;               607468
                 331;               609388
                 332;               609584
                 333;               654628
                 334;               598496
                 335;               605200
                 336;               606668
                 337;               605764
                 338;               607828
                 339;               644764
                 340;               596544
                 341;               601900
                 342;               593432
                 343;               601412
                 344;               608100
                 345;               627768
                 346;               607588
                 347;               610256
                 348;               604312
                 349;               604540
                 350;               671716
                 351;               600180
                 352;               606936
                 353;               641680
                 354;               609228
                 355;               640500
                 356;               603572
                 357;               606788
                 358;               606244
                 359;               601688
