                   0;               744716
                   1;               670288
                   2;               620704
                   3;               623644
                   4;               618504
                   5;               617172
                   6;               626224
                   7;               613948
                   8;               615064
                   9;               614236
                  10;               614048
                  11;               620304
                  12;               618124
                  13;               613932
                  14;               597700
                  15;               614424
                  16;               612548
                  17;               614708
                  18;               614056
                  19;               615592
                  20;               612112
                  21;               599544
                  22;               616852
                  23;               608240
                  24;               621440
                  25;               657444
                  26;               615776
                  27;               612584
                  28;               606228
                  29;               615560
                  30;               612652
                  31;               609788
                  32;               614564
                  33;               612300
                  34;               610632
                  35;               611928
                  36;               615556
                  37;               611052
                  38;               663136
                  39;               616680
                  40;               612752
                  41;               594500
                  42;               613488
                  43;               611404
                  44;               613844
                  45;               617212
                  46;               614804
                  47;               615860
                  48;               613348
                  49;               611872
                  50;               619512
                  51;               658836
                  52;               617252
                  53;               624468
                  54;               612284
                  55;               605024
                  56;               613220
                  57;               615824
                  58;               616836
                  59;               616076
                  60;               616800
                  61;               617460
                  62;               601352
                  63;               615100
                  64;               609516
                  65;               615228
                  66;               624172
                  67;               611976
                  68;               600200
                  69;               654408
                  70;               611828
                  71;               615088
                  72;               611768
                  73;               618156
                  74;               617488
                  75;               602712
                  76;               615300
                  77;               614996
                  78;               611324
                  79;               616924
                  80;               612756
                  81;               608036
                  82;               654480
                  83;               613976
                  84;               615080
                  85;               611536
                  86;               616320
                  87;               617396
                  88;               612188
                  89;               607160
                  90;               613676
                  91;               616000
                  92;               613720
                  93;               612988
                  94;               618812
                  95;               662672
                  96;               808392
                  97;               811416
                  98;               638356
                  99;               625352
                 100;               623912
                 101;               619592
                 102;               712104
                 103;               628428
                 104;               682732
                 105;               618156
                 106;               623588
                 107;               614540
                 108;               601312
                 109;               613276
                 110;               616280
                 111;               616256
                 112;               616108
                 113;               616268
                 114;               617320
                 115;               613056
                 116;               620132
                 117;               673212
                 118;               618816
                 119;               619860
                 120;               614888
                 121;               614220
                 122;               607632
                 123;               614036
                 124;               620792
                 125;               612728
                 126;               617372
                 127;               614156
                 128;               614436
                 129;               609520
                 130;               659064
                 131;               612568
                 132;               616544
                 133;               611800
                 134;               611936
                 135;               606420
                 136;               606004
                 137;               611352
                 138;               611868
                 139;               609644
                 140;               619856
                 141;               613768
                 142;               601344
                 143;               605736
                 144;               616188
                 145;               615868
                 146;               611908
                 147;               617512
                 148;               653576
                 149;               608684
                 150;               615940
                 151;               618696
                 152;               615032
                 153;               613656
                 154;               613680
                 155;               614852
                 156;               611696
                 157;               606528
                 158;               621900
                 159;               615148
                 160;               611548
                 161;               656512
                 162;               613144
                 163;               617280
                 164;               613884
                 165;               612528
                 166;               614048
                 167;               615792
                 168;               614032
                 169;               609576
                 170;               606784
                 171;               614744
                 172;               615104
                 173;               615136
                 174;               616136
                 175;               607068
                 176;               599212
                 177;               605188
                 178;               613580
                 179;               654196
                 180;               609196
                 181;               612836
                 182;               614228
                 183;               615416
                 184;               606288
                 185;               613496
                 186;               617516
                 187;               613320
                 188;               616128
                 189;               616544
                 190;               616652
                 191;               613172
                 192;               615208
                 193;               615164
                 194;               616728
                 195;               609028
                 196;               612536
                 197;               656544
                 198;               616828
                 199;               617192
                 200;               618776
                 201;               616224
                 202;               614560
                 203;               613048
                 204;               613144
                 205;               614060
                 206;               614540
                 207;               612236
                 208;               617632
                 209;               609388
                 210;               595904
                 211;               611728
                 212;               609312
                 213;               613936
                 214;               618120
                 215;               657988
                 216;               613404
                 217;               596504
                 218;               604476
                 219;               615384
                 220;               649488
                 221;               616432
                 222;               616916
                 223;               610060
                 224;               607548
                 225;               604632
                 226;               612240
                 227;               610420
                 228;               610772
                 229;               615932
                 230;               616916
                 231;               616380
                 232;               613532
                 233;               655728
                 234;               612528
                 235;               614836
                 236;               617224
                 237;               614156
                 238;               609684
                 239;               615272
                 240;               616052
                 241;               612436
                 242;               614768
                 243;               617276
                 244;               603668
                 245;               618156
                 246;               618264
                 247;               612940
                 248;               615020
                 249;               615588
                 250;               618148
                 251;               642380
                 252;               613148
                 253;               616036
                 254;               609824
                 255;               613576
                 256;               656980
                 257;               689472
                 258;               703320
                 259;               648204
                 260;               629128
                 261;               625976
                 262;               627452
                 263;               626736
                 264;               605076
                 265;               625200
                 266;               624272
                 267;               627148
                 268;               703132
                 269;               620472
                 270;               628168
                 271;               627944
                 272;               625372
                 273;               627452
                 274;               619160
                 275;               626412
                 276;               628180
                 277;               618588
                 278;               697008
                 279;               616428
                 280;               620384
                 281;               624500
                 282;               667076
                 283;               622256
                 284;               667112
                 285;               706772
                 286;               620684
                 287;               624540
                 288;               655308
                 289;               739772
                 290;               624372
                 291;               624536
                 292;               656904
                 293;               707160
                 294;               620324
                 295;               625928
                 296;               622160
                 297;               611092
                 298;               628140
                 299;               619540
                 300;               625064
                 301;               624340
                 302;               629388
                 303;               740888
                 304;               623212
                 305;               618464
                 306;               633060
                 307;               631760
                 308;               629860
                 309;               616252
                 310;               612072
                 311;               622432
                 312;               630960
                 313;               614852
                 314;               622760
                 315;               631128
                 316;               625636
                 317;               701656
                 318;               657548
                 319;               618132
                 320;               624824
                 321;               628352
                 322;               661340
                 323;               686460
                 324;               642684
                 325;               618256
                 326;               627164
                 327;               754476
                 328;               622468
                 329;               624200
                 330;               640404
                 331;               623560
                 332;               623664
                 333;               620732
                 334;               624624
                 335;               625660
                 336;               626172
                 337;               765292
                 338;               743880
                 339;               642728
                 340;               721012
                 341;               630924
                 342;               632916
                 343;               638020
                 344;               711972
                 345;               632104
                 346;               626620
                 347;               673156
                 348;               637128
                 349;               620892
                 350;               627836
                 351;               615220
                 352;               631700
                 353;               630952
                 354;               756212
                 355;               624448
                 356;               619652
                 357;               629640
                 358;               712080
                 359;               616492
