                   0;              3869996
                   1;              3849548
                   2;              3853040
                   3;              3852064
                   4;              3852396
                   5;              3855096
                   6;              3850136
                   7;              3849772
                   8;              3849620
                   9;              3854692
                  10;              3852268
                  11;              3852484
                  12;              3854596
                  13;              3854464
                  14;              3856440
                  15;              3854160
                  16;              3854008
                  17;              3853084
                  18;              3849284
                  19;              3854676
                  20;              3851372
                  21;              3850508
                  22;              3845776
                  23;              3892140
                  24;              3867168
                  25;              3867868
                  26;              3863532
                  27;              3862108
                  28;              4341804
                  29;              3869064
                  30;              3982228
                  31;              4148460
                  32;              3863464
                  33;              3861708
                  34;              3859336
                  35;              3907264
                  36;              3851420
                  37;              3858964
                  38;              3857676
                  39;              3856944
                  40;              3863452
                  41;              3851336
                  42;              3854824
                  43;              3905000
                  44;              3899292
                  45;              3895240
                  46;              3895552
                  47;              3895724
                  48;              3913248
                  49;              3893008
                  50;              3894488
                  51;              3900132
                  52;              3890820
                  53;              3857592
                  54;              3853316
                  55;              3851764
                  56;              3851824
                  57;              3856924
                  58;              3853516
                  59;              3856848
                  60;              3855412
                  61;              3856292
                  62;              3860356
                  63;              3855984
                  64;              3854896
                  65;              3860984
                  66;              3854964
                  67;              3905944
                  68;              3889372
                  69;              3892356
                  70;              3890604
                  71;              3892548
                  72;              3895600
                  73;              3898552
                  74;              3895548
                  75;              3900964
                  76;              3921508
                  77;              3860664
                  78;              3862624
                  79;              3875608
                  80;              3857604
                  81;              3882248
                  82;              3855688
                  83;              3856748
                  84;              3851604
                  85;              3857656
                  86;              3858192
                  87;              3874400
                  88;              3859096
                  89;              3860912
                  90;              3852496
                  91;              3888708
                  92;              3891828
                  93;              3891980
                  94;              3891448
                  95;              3889488
                  96;              3908396
                  97;              3898548
                  98;              3896548
                  99;              3908968
                 100;              3856800
                 101;              3851248
                 102;              3852792
                 103;              3861588
                 104;              3857556
                 105;              3855720
                 106;              3857896
                 107;              3866416
                 108;              3861888
                 109;              3860328
                 110;              3864224
                 111;              3865764
                 112;              3855468
                 113;              3898068
                 114;              3886468
                 115;              3905768
                 116;              3891304
                 117;              3889688
                 118;              3895208
                 119;              3909928
                 120;              3898516
                 121;              3898480
                 122;              3855644
                 123;              3854436
                 124;              3855800
                 125;              3855416
                 126;              3857384
                 127;              3856948
                 128;              3861016
                 129;              3859112
                 130;              3855352
                 131;              3854336
                 132;              3856312
                 133;              3867632
                 134;              3860532
                 135;              3854584
                 136;              3886056
                 137;              3894260
                 138;              3895052
                 139;              3886272
                 140;              3888352
                 141;              3894140
                 142;              3894948
                 143;              3897828
                 144;              3894320
                 145;              3858268
                 146;              3856984
                 147;              3859248
                 148;              3857912
                 149;              3855060
                 150;              3858392
                 151;              3858572
                 152;              3858780
                 153;              3858188
                 154;              3857544
                 155;              3862216
                 156;              3864228
                 157;              3854640
                 158;              3890224
                 159;              3906656
                 160;              3892348
                 161;              3887480
                 162;              3892540
                 163;              3896856
                 164;              3895444
                 165;              3890724
                 166;              3907336
                 167;              3856788
                 168;              3854468
                 169;              3861168
                 170;              3853584
                 171;              3856208
                 172;              3858228
                 173;              3857904
                 174;              3855480
                 175;              3857492
                 176;              3864364
                 177;              3863696
                 178;              3853192
                 179;              3853120
                 180;              3891504
                 181;              3892844
                 182;              3887584
                 183;              3891836
                 184;              3892228
                 185;              3892748
                 186;              3905504
                 187;              3892300
                 188;              4175152
                 189;              3901520
                 190;              3895812
                 191;              3939828
                 192;              3892288
                 193;              3892932
                 194;              3894908
                 195;              3904104
                 196;              3854048
                 197;              3854108
                 198;              3852424
                 199;              3855000
                 200;              3859548
                 201;              3851772
                 202;              3860972
                 203;              3856680
                 204;              3858772
                 205;              3857712
                 206;              3860616
                 207;              3870936
                 208;              3861576
                 209;              3857176
                 210;              3887856
                 211;              3887220
                 212;              3895032
                 213;              3890536
                 214;              3892492
                 215;              3897288
                 216;              3917304
                 217;              3901412
                 218;              3856208
                 219;              3855556
                 220;              3853852
                 221;              3854172
                 222;              3852392
                 223;              3854144
                 224;              3853100
                 225;              3857044
                 226;              3854592
                 227;              3852256
                 228;              3857516
                 229;              3864760
                 230;              3863404
                 231;              3889076
                 232;              3887872
                 233;              3901528
                 234;              3888112
                 235;              3908088
                 236;              3892868
                 237;              3895632
                 238;              3895380
                 239;              3897060
                 240;              3861896
                 241;              3852984
                 242;              3856856
                 243;              3856496
                 244;              3856592
                 245;              3856320
                 246;              3855780
                 247;              3856816
                 248;              3855560
                 249;              3857072
                 250;              3863716
                 251;              3859412
                 252;              3851480
                 253;              3892392
                 254;              3897296
                 255;              3896000
                 256;              4065600
                 257;              4047428
                 258;              4049000
                 259;              4026188
                 260;              3905396
                 261;              3993148
                 262;              3904792
                 263;              4007296
                 264;              3986028
                 265;              3975284
                 266;              3930824
                 267;              4121680
                 268;              4002248
                 269;              3976572
                 270;              3908024
                 271;              3867748
                 272;              3904252
                 273;              3958068
                 274;              3938048
                 275;              3881836
                 276;              3961292
                 277;              3973804
                 278;              3955644
                 279;              3854164
                 280;              3863540
                 281;              3867368
                 282;              3937684
                 283;              3875296
                 284;              3886796
                 285;              3928944
                 286;              3954820
                 287;              3960988
                 288;              3856496
                 289;              4088252
                 290;              3952056
                 291;              3964120
                 292;              3865728
                 293;              3887536
                 294;              3887444
                 295;              3964692
                 296;              3934244
                 297;              3849768
                 298;              3988412
                 299;              3995752
                 300;              3997768
                 301;              3880532
                 302;              3893732
                 303;              3900800
                 304;              4073548
                 305;              3882888
                 306;              3907028
                 307;              3963924
                 308;              3976760
                 309;              3993108
                 310;              3936576
                 311;              4130980
                 312;              3991600
                 313;              3975232
                 314;              3910860
                 315;              3916576
                 316;              3879124
                 317;              3956596
                 318;              3952760
                 319;              3867324
                 320;              3885680
                 321;              3953056
                 322;              3951828
                 323;              3898636
                 324;              3862244
                 325;              3884544
                 326;              4088524
                 327;              3917116
                 328;              3872512
                 329;              3860936
                 330;              3973732
                 331;              3961708
                 332;              3959952
                 333;              3873444
                 334;              3953044
                 335;              3954524
                 336;              3978968
                 337;              3855112
                 338;              3869272
                 339;              3869672
                 340;              3861948
                 341;              3885312
                 342;              3866916
                 343;              4027240
                 344;              3862548
                 345;              3858416
                 346;              3860220
                 347;              3867608
                 348;              3894584
                 349;              3876600
                 350;              3873468
                 351;              3851328
                 352;              3914808
                 353;              3900508
                 354;              3903696
                 355;              3913508
                 356;              3901904
                 357;              3885056
                 358;              3895804
                 359;              3899540
