                   0;              3877920
                   1;              3852264
                   2;              3852924
                   3;              3852660
                   4;              3872508
                   5;              3866128
                   6;              3865440
                   7;              3863752
                   8;              3925140
                   9;              3866964
                  10;              3859772
                  11;              3852552
                  12;              3904256
                  13;              5541828
                  14;              3875684
                  15;              3863484
                  16;              3863032
                  17;              3854420
                  18;              3900956
                  19;              3901960
                  20;              3894676
                  21;              3900292
                  22;              3900396
                  23;              3903520
                  24;              3902000
                  25;              3907192
                  26;              3908600
                  27;              3909180
                  28;              3899652
                  29;              3853836
                  30;              3855864
                  31;              3859128
                  32;              3864424
                  33;              3858144
                  34;              3863388
                  35;              3860568
                  36;              3856068
                  37;              3860200
                  38;              3861972
                  39;              3858044
                  40;              3859312
                  41;              3868280
                  42;              3859904
                  43;              3898268
                  44;              3908244
                  45;              3893172
                  46;              3898676
                  47;              3898296
                  48;              3898560
                  49;              3898368
                  50;              3901900
                  51;              3894736
                  52;              3896952
                  53;              3860228
                  54;              3857760
                  55;              3857596
                  56;              3862220
                  57;              3857076
                  58;              3857740
                  59;              3858268
                  60;              3862292
                  61;              3864156
                  62;              4555272
                  63;              3872464
                  64;              3871320
                  65;              3863736
                  66;              3865892
                  67;              3869652
                  68;              3861228
                  69;              3877304
                  70;              3869536
                  71;              3846216
                  72;              3920452
                  73;              3902292
                  74;              3911764
                  75;              3900356
                  76;              3900504
                  77;              3905248
                  78;              3900328
                  79;              3901556
                  80;              3900572
                  81;              3894016
                  82;              3858816
                  83;              3855448
                  84;              3853996
                  85;              3857096
                  86;              3855172
                  87;              3856736
                  88;              3855840
                  89;              3857116
                  90;              3862024
                  91;              3854840
                  92;              3867684
                  93;              3859036
                  94;              3969656
                  95;              3900116
                  96;              3888108
                  97;              3894340
                  98;              3896092
                  99;              3901144
                 100;              3899740
                 101;              3898784
                 102;              3900968
                 103;              3901216
                 104;              3861816
                 105;              3858088
                 106;              3856104
                 107;              3857220
                 108;              3861460
                 109;              3858980
                 110;              3858144
                 111;              3860752
                 112;              3864308
                 113;              3865440
                 114;              3870016
                 115;              3861560
                 116;              4087224
                 117;              3912356
                 118;              3901612
                 119;              3907260
                 120;              3902144
                 121;              3919420
                 122;              3899240
                 123;              3897192
                 124;              3901672
                 125;              3902304
                 126;              3899836
                 127;              3861080
                 128;              3860728
                 129;              3859352
                 130;              3860432
                 131;              3855664
                 132;              3857600
                 133;              3865448
                 134;              3858016
                 135;              3861028
                 136;              3857864
                 137;              3865848
                 138;              3873096
                 139;              3858908
                 140;              3908880
                 141;              3901104
                 142;              3897900
                 143;              3897288
                 144;              3904548
                 145;              3903064
                 146;              3892904
                 147;              3900904
                 148;              3860728
                 149;              3864168
                 150;              3859752
                 151;              3861428
                 152;              3856016
                 153;              3859572
                 154;              3860656
                 155;              3857876
                 156;              3857404
                 157;              3865692
                 158;              3865092
                 159;              3872944
                 160;              3874076
                 161;              3850996
                 162;              3896804
                 163;              3895892
                 164;              3899028
                 165;              3897360
                 166;              3898188
                 167;              3895756
                 168;              3899012
                 169;              3901680
                 170;              3861992
                 171;              3858892
                 172;              3857476
                 173;              3858576
                 174;              3860064
                 175;              3860640
                 176;              3864136
                 177;              3860500
                 178;              3858388
                 179;              3858864
                 180;              3868008
                 181;              3877104
                 182;              3858768
                 183;              3920716
                 184;              3899248
                 185;              3915320
                 186;              3898700
                 187;              3897636
                 188;              3902088
                 189;              3897252
                 190;              3896792
                 191;              3896968
                 192;              3859672
                 193;              3860032
                 194;              3862328
                 195;              3857376
                 196;              3857520
                 197;              3854556
                 198;              3860824
                 199;              3864884
                 200;              3864164
                 201;              3859492
                 202;              3873140
                 203;              3874684
                 204;              3869224
                 205;              3852360
                 206;              3894868
                 207;              3894352
                 208;              3888880
                 209;              3889392
                 210;              3902648
                 211;              3894696
                 212;              3918000
                 213;              3903272
                 214;              3901172
                 215;              3862280
                 216;              3860840
                 217;              3864444
                 218;              3855928
                 219;              4692688
                 220;              3872092
                 221;              3865200
                 222;              3964732
                 223;              3860400
                 224;              3871268
                 225;              3864360
                 226;              3856440
                 227;              3864312
                 228;              3876364
                 229;              3865416
                 230;              3858796
                 231;              3863408
                 232;              3868628
                 233;              3874456
                 234;              3865000
                 235;              3860556
                 236;              3912056
                 237;              3897896
                 238;              3894156
                 239;              3899664
                 240;              3899892
                 241;              3899140
                 242;              3897708
                 243;              3901460
                 244;              3904012
                 245;              3862980
                 246;              3861104
                 247;              3861492
                 248;              3862268
                 249;              3860104
                 250;              3859744
                 251;              3859152
                 252;              3863552
                 253;              3858620
                 254;              3857564
                 255;              3878728
                 256;              3866764
                 257;              3857812
                 258;              3883388
                 259;              3908860
                 260;              3898592
                 261;              3911416
                 262;              3893168
                 263;              3888252
                 264;              3897496
                 265;              3902428
                 266;              3907048
                 267;              3900756
                 268;              3860908
                 269;              3872176
                 270;              3880988
                 271;              3875512
                 272;              3888740
                 273;              3873408
                 274;              3862976
                 275;              3872172
                 276;              3869724
                 277;              3877560
                 278;              3874576
                 279;              3893204
                 280;              3873384
                 281;              3877264
                 282;              3904356
                 283;              3890300
                 284;              3896980
                 285;              3895496
                 286;              3903724
                 287;              3892316
                 288;              3891748
                 289;              3894816
                 290;              3923348
                 291;              3916216
                 292;              3910584
                 293;              3865912
                 294;              3867836
                 295;              3865408
                 296;              3870752
                 297;              3865744
                 298;              3871620
                 299;              3864232
                 300;              3869808
                 301;              3883816
                 302;              3869672
                 303;              3879388
                 304;              3882036
                 305;              3865288
                 306;              3865536
                 307;              3863380
                 308;              3891112
                 309;              3889868
                 310;              3926836
                 311;              3895308
                 312;              3898508
                 313;              3896148
                 314;              3920596
                 315;              3894908
                 316;              3898716
                 317;              3890940
                 318;              3861196
                 319;              3874544
                 320;              3860512
                 321;              3887656
                 322;              3866024
                 323;              3885552
                 324;              3866048
                 325;              3862248
                 326;              3864884
                 327;              3871084
                 328;              3868160
                 329;              3861180
                 330;              3862948
                 331;              3858800
                 332;              3903480
                 333;              3893576
                 334;              3892360
                 335;              3890552
                 336;              3900184
                 337;              3895580
                 338;              3896516
                 339;              3899396
                 340;              3896560
                 341;              3922004
                 342;              3870652
                 343;              3890652
                 344;              3858764
                 345;              3880908
                 346;              3864972
                 347;              3873104
                 348;              3866528
                 349;              3865160
                 350;              3863176
                 351;              3864224
                 352;              3883604
                 353;              3861136
                 354;              3884528
                 355;              3871224
                 356;              3867980
                 357;              3871432
                 358;              3862388
                 359;              3883972
