                   0;             22808352
                   1;             18497940
                   2;             18324680
                   3;             18376160
                   4;             18395484
                   5;             18371868
                   6;             18439000
                   7;             18374012
                   8;             18341804
                   9;             18356408
                  10;             18374672
                  11;             18353904
                  12;             18346696
                  13;             18386500
                  14;             18351520
                  15;             18357536
                  16;             18354724
                  17;             18363144
                  18;             18361048
                  19;             18348464
                  20;             18338528
                  21;             18419928
                  22;             18370052
                  23;             18356532
                  24;             18410668
                  25;             18411172
                  26;             18367272
                  27;             18365304
                  28;             18381840
                  29;             18791832
                  30;             18467000
                  31;             18454684
                  32;             18360988
                  33;             18345624
                  34;             18370460
                  35;             18354440
                  36;             18355108
                  37;             18395320
                  38;             18368732
                  39;             18411588
                  40;             18388644
                  41;             18333884
                  42;             18365108
                  43;             18377208
                  44;             18377820
                  45;             18421428
                  46;             18339640
                  47;             18359296
                  48;             18353512
                  49;             18366092
                  50;             18375864
                  51;             18349112
                  52;             18345740
                  53;             18363444
                  54;             18430064
                  55;             18370388
                  56;             18405892
                  57;             18361448
                  58;             18368496
                  59;             18346948
                  60;             18377676
                  61;             18357260
                  62;             18381296
                  63;             18369364
                  64;             18381308
                  65;             18346764
                  66;             18351556
                  67;             18348040
                  68;             18401984
                  69;             18374396
                  70;             18339052
                  71;             18477500
                  72;             18385424
                  73;             18352812
                  74;             18371112
                  75;             18343048
                  76;             18371328
                  77;             18391004
                  78;             18365360
                  79;             18367096
                  80;             18374640
                  81;             18406500
                  82;             18380160
                  83;             18365328
                  84;             18359620
                  85;             18464588
                  86;             18380584
                  87;             18415360
                  88;             18384236
                  89;             18377968
                  90;             18395800
                  91;             18358704
                  92;             18357424
                  93;             18394132
                  94;             18381780
                  95;             18390892
                  96;             18432292
                  97;             18384000
                  98;             18388520
                  99;             18358496
                 100;             18375204
                 101;             18329012
                 102;             18365348
                 103;             18368836
                 104;             18363368
                 105;             18326912
                 106;             18418388
                 107;             18360736
                 108;             18390048
                 109;             18360808
                 110;             18435280
                 111;             18398144
                 112;             18799908
                 113;             18548704
                 114;             18444444
                 115;             18384436
                 116;             18376144
                 117;             18355444
                 118;             18378712
                 119;             18353440
                 120;             18342812
                 121;             18411544
                 122;             18365968
                 123;             18352792
                 124;             18377900
                 125;             18343636
                 126;             18376228
                 127;             18384404
                 128;             18388624
                 129;             18374680
                 130;             18338512
                 131;             18425972
                 132;             18433896
                 133;             18364988
                 134;             18375756
                 135;             18317808
                 136;             18393976
                 137;             18393564
                 138;             18339444
                 139;             18369876
                 140;             18485284
                 141;             18357916
                 142;             18400296
                 143;             18352980
                 144;             18355176
                 145;             18356528
                 146;             18361864
                 147;             18396944
                 148;             18413336
                 149;             18350608
                 150;             18378728
                 151;             18377636
                 152;             18389972
                 153;             18395360
                 154;             18485340
                 155;             18822204
                 156;             18339012
                 157;             18400488
                 158;             18347932
                 159;             18330796
                 160;             18418664
                 161;             18349352
                 162;             18363628
                 163;             18352340
                 164;             18347352
                 165;             18338940
                 166;             18385696
                 167;             18348876
                 168;             18406740
                 169;             18396356
                 170;             18381448
                 171;             18373636
                 172;             18366912
                 173;             18405776
                 174;             18370340
                 175;             18386444
                 176;             18366240
                 177;             18397892
                 178;             18352348
                 179;             18367684
                 180;             18334860
                 181;             18370844
                 182;             18455784
                 183;             18362980
                 184;             18385432
                 185;             18317876
                 186;             18343724
                 187;             18395064
                 188;             18342416
                 189;             18398844
                 190;             18387908
                 191;             18410216
                 192;             18382276
                 193;             18393232
                 194;             18359944
                 195;             18642772
                 196;             18499348
                 197;             18512964
                 198;             18395096
                 199;             18385380
                 200;             18372488
                 201;             18363220
                 202;             18390004
                 203;             18344380
                 204;             18394704
                 205;             18376060
                 206;             18337068
                 207;             18373892
                 208;             18370024
                 209;             18346872
                 210;             18365860
                 211;             18383452
                 212;             18366972
                 213;             18350524
                 214;             18377692
                 215;             18356240
                 216;             18400992
                 217;             18393712
                 218;             18375880
                 219;             18392132
                 220;             18371460
                 221;             18369108
                 222;             18346384
                 223;             18356396
                 224;             18347384
                 225;             18362292
                 226;             18373944
                 227;             18351544
                 228;             18358028
                 229;             18379824
                 230;             18363452
                 231;             18358200
                 232;             18351720
                 233;             18424184
                 234;             18351924
                 235;             18380500
                 236;             18397496
                 237;             18447012
                 238;             18390868
                 239;             18333952
                 240;             18357012
                 241;             18360824
                 242;             18402976
                 243;             18375528
                 244;             18380116
                 245;             18358064
                 246;             18395748
                 247;             18365984
                 248;             18383036
                 249;             18345548
                 250;             18345644
                 251;             18755772
                 252;             18344124
                 253;             18468668
                 254;             18457528
                 255;             18436992
                 256;             18419536
                 257;             18457804
                 258;             18459528
                 259;             18405080
                 260;             18489340
                 261;             18517360
                 262;             18476596
                 263;             18522020
                 264;             18430484
                 265;             18740108
                 266;             18462072
                 267;             18616412
                 268;             18425248
                 269;             18479884
                 270;             18539728
                 271;             18629224
                 272;             18541936
                 273;             18460264
                 274;             18521572
                 275;             18453100
                 276;             18517996
                 277;             18508588
                 278;             18802936
                 279;             18636300
                 280;             18502188
                 281;             18571600
                 282;             18743620
                 283;             18575392
                 284;             18456052
                 285;             18452200
                 286;             18445600
                 287;             18536620
                 288;             18555740
                 289;             18490288
                 290;             18543528
                 291;             18486372
                 292;             18472316
                 293;             18701444
                 294;             18456144
                 295;             18545236
                 296;             18459508
                 297;             18799776
                 298;             18454704
                 299;             18545900
                 300;             18542488
                 301;             18476276
                 302;             18539812
                 303;             18448108
                 304;             18695712
                 305;             18472292
                 306;             18458600
                 307;             18572012
                 308;             18683600
                 309;             18533664
                 310;             18502160
                 311;             18466944
                 312;             18717660
                 313;             18495600
                 314;             18479544
                 315;             18491184
                 316;             18658784
                 317;             18451552
                 318;             18544968
                 319;             18608872
                 320;             18590332
                 321;             18463092
                 322;             18464436
                 323;             18514296
                 324;             18473232
                 325;             18538728
                 326;             18469016
                 327;             18713924
                 328;             18464928
                 329;             18558344
                 330;             18488396
                 331;             18714944
                 332;             18453964
                 333;             18482872
                 334;             18537276
                 335;             18460304
                 336;             18531544
                 337;             18469236
                 338;             18471012
                 339;             18540304
                 340;             18463240
                 341;             18450948
                 342;             18893908
                 343;             18522692
                 344;             18469740
                 345;             18517732
                 346;             18499928
                 347;             18469360
                 348;             18522380
                 349;             18464844
                 350;             18547336
                 351;             18471852
                 352;             18526652
                 353;             18462288
                 354;             18467440
                 355;             18520408
                 356;             18455812
                 357;             18860948
                 358;             18453908
                 359;             18523164
