                   0;             60809424
                   1;             56905240
                   2;             56461688
                   3;             56767740
                   4;             57730956
                   5;             56643320
                   6;             56296416
                   7;             56580716
                   8;             56218496
                   9;             56511604
                  10;             56146168
                  11;             56338324
                  12;             55985364
                  13;             56226332
                  14;             56864852
                  15;             56443924
                  16;             55889288
                  17;             56069048
                  18;             55768172
                  19;             55903592
                  20;             55641740
                  21;             55808116
                  22;             55568168
                  23;             55785076
                  24;             55565120
                  25;             55430500
                  26;             55257268
                  27;             55293980
                  28;             55213752
                  29;             55052164
                  30;             55118296
                  31;             55020832
                  32;             55042500
                  33;             54925684
                  34;             55925648
                  35;             54991068
                  36;             55016560
                  37;             54831072
                  38;             54919864
                  39;             54810712
                  40;             54879200
                  41;             54730928
                  42;             54718700
                  43;             54654292
                  44;             54706564
                  45;             54646580
                  46;             54685592
                  47;             54604172
                  48;             54780200
                  49;             54646920
                  50;             54635700
                  51;             54518212
                  52;             54502432
                  53;             54600064
                  54;             54544008
                  55;             54594716
                  56;             54518428
                  57;             54518108
                  58;             54568872
                  59;             54528340
                  60;             54452572
                  61;             54480108
                  62;             54475516
                  63;             54483232
                  64;             54524208
                  65;             54479164
                  66;             54529272
                  67;             54533020
                  68;             54484992
                  69;             54498704
                  70;             54383452
                  71;             54740512
                  72;             54537260
                  73;             54512868
                  74;             54439308
                  75;             55500868
                  76;             54498944
                  77;             54445472
                  78;             54445476
                  79;             54528612
                  80;             54483436
                  81;             54483072
                  82;             54488276
                  83;             54482732
                  84;             54565940
                  85;             54511004
                  86;             54504324
                  87;             54508540
                  88;             54500016
                  89;             54511128
                  90;             54448676
                  91;             54624040
                  92;             54559808
                  93;             54412840
                  94;             54448132
                  95;             55456360
                  96;             54494204
                  97;             54467364
                  98;             54431064
                  99;             54467292
                 100;             54406080
                 101;             54510672
                 102;             54512036
                 103;             54496260
                 104;             54368408
                 105;             54461408
                 106;             54348116
                 107;             54450472
                 108;             54380848
                 109;             54450096
                 110;             54371880
                 111;             54412836
                 112;             54356688
                 113;             54428800
                 114;             54321300
                 115;             54383880
                 116;             54620516
                 117;             54409464
                 118;             54352624
                 119;             54330400
                 120;             54343708
                 121;             54354356
                 122;             54306756
                 123;             54429968
                 124;             54351912
                 125;             54405044
                 126;             54356848
                 127;             54286700
                 128;             54345544
                 129;             54363736
                 130;             54274108
                 131;             54374940
                 132;             54359656
                 133;             54422132
                 134;             54295024
                 135;             54349224
                 136;             55293088
                 137;             54370556
                 138;             54231324
                 139;             54434236
                 140;             54328428
                 141;             54361484
                 142;             54312984
                 143;             54296132
                 144;             54350208
                 145;             54337224
                 146;             54320264
                 147;             54388752
                 148;             54312700
                 149;             54379652
                 150;             54478764
                 151;             54294156
                 152;             54340456
                 153;             54393544
                 154;             56931304
                 155;             54358196
                 156;             54947908
                 157;             54538852
                 158;             54498536
                 159;             54368792
                 160;             54542628
                 161;             54372244
                 162;             56456560
                 163;             54446636
                 164;             54373724
                 165;             54355388
                 166;             54287532
                 167;             54354628
                 168;             54332772
                 169;             54356548
                 170;             54347964
                 171;             54293528
                 172;             54272856
                 173;             54304392
                 174;             54246484
                 175;             54359212
                 176;             54279852
                 177;             54643728
                 178;             54335084
                 179;             54271572
                 180;             55017096
                 181;             54463800
                 182;             54171676
                 183;             54357576
                 184;             54254772
                 185;             54267576
                 186;             54266284
                 187;             54279912
                 188;             54245228
                 189;             54299400
                 190;             54259812
                 191;             54354032
                 192;             54228972
                 193;             54217692
                 194;             54269032
                 195;             54374056
                 196;             54242328
                 197;             55447896
                 198;             54202460
                 199;             54367528
                 200;             54284924
                 201;             54273580
                 202;             54291704
                 203;             54284676
                 204;             54279360
                 205;             54266156
                 206;             54272900
                 207;             54251748
                 208;             54235368
                 209;             54562152
                 210;             55160396
                 211;             55364216
                 212;             55487552
                 213;             55831512
                 214;             55843668
                 215;             56083176
                 216;             56351556
                 217;             58229408
                 218;             56864120
                 219;             56503120
                 220;             57310996
                 221;             57050836
                 222;             56432652
                 223;             56798108
                 224;             56265404
                 225;             56841872
                 226;             56776976
                 227;             56470664
                 228;             56253652
                 229;             56650012
                 230;             56696580
                 231;             56518484
                 232;             55823956
                 233;             56581008
                 234;             56539648
                 235;             56512552
                 236;             56237060
                 237;             56932708
                 238;             55902308
                 239;             55989736
                 240;             55890004
                 241;             55777708
                 242;             55754712
                 243;             55722180
                 244;             55706672
                 245;             55747240
                 246;             55676624
                 247;             55635888
                 248;             55588784
                 249;             55598204
                 250;             55532604
                 251;             56582880
                 252;             56245676
                 253;             55805552
                 254;             56516852
                 255;             56762908
                 256;             56556268
                 257;             57388276
                 258;             56550664
                 259;             56679264
                 260;             56720876
                 261;             56411556
                 262;             56463564
                 263;             56429012
                 264;             56469952
                 265;             56286796
                 266;             56637116
                 267;             56261564
                 268;             56475412
                 269;             56219264
                 270;             56104120
                 271;             56473724
                 272;             56125292
                 273;             56422476
                 274;             56127084
                 275;             56424568
                 276;             56017332
                 277;             56309476
                 278;             56055492
                 279;             56148704
                 280;             56173968
                 281;             55965760
                 282;             55969272
                 283;             56049376
                 284;             55982828
                 285;             56102032
                 286;             56156676
                 287;             56226916
                 288;             56009088
                 289;             55993644
                 290;             56064020
                 291;             55987984
                 292;             55857676
                 293;             56281244
                 294;             55746776
                 295;             55384996
                 296;             56205004
                 297;             55915880
                 298;             55553888
                 299;             55653152
                 300;             55420568
                 301;             55543644
                 302;             55425912
                 303;             55587348
                 304;             55424068
                 305;             55825260
                 306;             55359536
                 307;             55558020
                 308;             55472672
                 309;             55957184
                 310;             55376284
                 311;             55305852
                 312;             55696528
                 313;             55344828
                 314;             55253364
                 315;             55508948
                 316;             56243896
                 317;             55548528
                 318;             55280240
                 319;             55832712
                 320;             55295992
                 321;             55284324
                 322;             55199380
                 323;             55331280
                 324;             55268272
                 325;             55283216
                 326;             55330560
                 327;             55341668
                 328;             55246628
                 329;             55546684
                 330;             55551920
                 331;             56448264
                 332;             55134704
                 333;             55196196
                 334;             55152600
                 335;             55085488
                 336;             55821724
                 337;             55333252
                 338;             55241264
                 339;             55062820
                 340;             55088448
                 341;             55121916
                 342;             55113296
                 343;             55127568
                 344;             55013088
                 345;             54917604
                 346;             54993712
                 347;             54816880
                 348;             54580196
                 349;             54876016
                 350;             54600928
                 351;             54747920
                 352;             54707060
                 353;             54709140
                 354;             54722240
                 355;             54653328
                 356;             54631504
                 357;             54722172
                 358;             54663136
                 359;             54690216
