                   0;             36527588
                   1;             32114344
                   2;             32157460
                   3;             32153276
                   4;             32166604
                   5;             32152048
                   6;             32141280
                   7;             32162132
                   8;             32160408
                   9;             32165244
                  10;             32147472
                  11;             32189216
                  12;             32189080
                  13;             32162512
                  14;             32154868
                  15;             32632892
                  16;             32337468
                  17;             32190112
                  18;             32140596
                  19;             32141500
                  20;             32140532
                  21;             32174280
                  22;             32162200
                  23;             32154892
                  24;             32142536
                  25;             32187268
                  26;             32167208
                  27;             32157092
                  28;             32188880
                  29;             32193276
                  30;             32168304
                  31;             32142880
                  32;             32171472
                  33;             32158168
                  34;             32175700
                  35;             32156020
                  36;             32138976
                  37;             32155516
                  38;             32142736
                  39;             32122132
                  40;             32153924
                  41;             32147096
                  42;             32174936
                  43;             32189028
                  44;             32167908
                  45;             32560848
                  46;             32214540
                  47;             32127444
                  48;             32149824
                  49;             32174616
                  50;             32154872
                  51;             32160692
                  52;             32144084
                  53;             32208360
                  54;             32146612
                  55;             32167004
                  56;             32188912
                  57;             32159264
                  58;             32160360
                  59;             32147064
                  60;             32171148
                  61;             32160808
                  62;             32167576
                  63;             32137784
                  64;             32153760
                  65;             32141204
                  66;             32148740
                  67;             32149584
                  68;             32141148
                  69;             32170172
                  70;             32194104
                  71;             32164268
                  72;             32175564
                  73;             32146244
                  74;             32161452
                  75;             32301224
                  76;             32199040
                  77;             32140556
                  78;             32140784
                  79;             32128044
                  80;             32127008
                  81;             32115168
                  82;             32128104
                  83;             32153888
                  84;             32147400
                  85;             32130068
                  86;             32105980
                  87;             32139948
                  88;             32123756
                  89;             32136288
                  90;             32133272
                  91;             32155876
                  92;             32184376
                  93;             32142268
                  94;             32199720
                  95;             32173812
                  96;             32157940
                  97;             32204620
                  98;             32165200
                  99;             32145452
                 100;             32151832
                 101;             32140332
                 102;             32145364
                 103;             32147424
                 104;             32386352
                 105;             32339236
                 106;             32191208
                 107;             32163276
                 108;             32182548
                 109;             32164276
                 110;             32183496
                 111;             32171732
                 112;             32157008
                 113;             32178764
                 114;             32133884
                 115;             32146684
                 116;             32148116
                 117;             32151828
                 118;             32144744
                 119;             32188584
                 120;             32141540
                 121;             32259188
                 122;             32130000
                 123;             32168688
                 124;             32158352
                 125;             32191040
                 126;             32149776
                 127;             32180588
                 128;             32179624
                 129;             32178344
                 130;             32138940
                 131;             32131492
                 132;             32128840
                 133;             32142168
                 134;             32585892
                 135;             32169188
                 136;             32156448
                 137;             32156544
                 138;             32148824
                 139;             32153172
                 140;             32170688
                 141;             32143540
                 142;             32193536
                 143;             32210004
                 144;             32178720
                 145;             32182364
                 146;             32160208
                 147;             32156312
                 148;             32151556
                 149;             32167420
                 150;             32152336
                 151;             32129996
                 152;             32139576
                 153;             32162608
                 154;             32168992
                 155;             32153808
                 156;             32159904
                 157;             32198744
                 158;             32190020
                 159;             32164172
                 160;             32144200
                 161;             32182640
                 162;             32154760
                 163;             32170740
                 164;             32721536
                 165;             32176344
                 166;             32139016
                 167;             32164660
                 168;             32140592
                 169;             32136816
                 170;             32378680
                 171;             32155196
                 172;             32138876
                 173;             32169584
                 174;             32173444
                 175;             32129744
                 176;             32240728
                 177;             32181496
                 178;             32226492
                 179;             32168660
                 180;             32159868
                 181;             32169868
                 182;             32145464
                 183;             32146472
                 184;             32190192
                 185;             32141400
                 186;             32153908
                 187;             32158724
                 188;             32163376
                 189;             32149420
                 190;             32145640
                 191;             32190480
                 192;             32179400
                 193;             32218932
                 194;             32288168
                 195;             32154592
                 196;             32138516
                 197;             32110484
                 198;             32173700
                 199;             32139364
                 200;             32141036
                 201;             32139640
                 202;             32153880
                 203;             32125580
                 204;             32174748
                 205;             32156972
                 206;             32138964
                 207;             32174120
                 208;             32170348
                 209;             32170984
                 210;             32156656
                 211;             32188104
                 212;             32175864
                 213;             32164472
                 214;             32150324
                 215;             32158808
                 216;             32137740
                 217;             32143948
                 218;             32138964
                 219;             32184872
                 220;             32159812
                 221;             32151628
                 222;             32193168
                 223;             32507592
                 224;             32262340
                 225;             32179484
                 226;             32153080
                 227;             32151824
                 228;             32148452
                 229;             32170500
                 230;             32133168
                 231;             32150464
                 232;             32134768
                 233;             32153352
                 234;             32138136
                 235;             32170408
                 236;             32170240
                 237;             32183220
                 238;             32127876
                 239;             32167560
                 240;             32156672
                 241;             32159372
                 242;             32330268
                 243;             32136740
                 244;             32174764
                 245;             32126896
                 246;             32148308
                 247;             32157764
                 248;             32139008
                 249;             32164868
                 250;             32152312
                 251;             32501428
                 252;             32297824
                 253;             32688496
                 254;             32360588
                 255;             32319012
                 256;             33175624
                 257;             32667684
                 258;             32610024
                 259;             32502752
                 260;             32372152
                 261;             33089800
                 262;             32467504
                 263;             32440292
                 264;             32480340
                 265;             32378568
                 266;             32444208
                 267;             32572988
                 268;             32396720
                 269;             32657336
                 270;             32825568
                 271;             32349924
                 272;             33099456
                 273;             33006700
                 274;             32324440
                 275;             32535828
                 276;             32328680
                 277;             32706648
                 278;             32604744
                 279;             32350300
                 280;             32391748
                 281;             32437836
                 282;             32988968
                 283;             32164596
                 284;             32130684
                 285;             32131584
                 286;             32128084
                 287;             32127672
                 288;             32115640
                 289;             32127040
                 290;             32105220
                 291;             32208348
                 292;             32134784
                 293;             32157800
                 294;             32155252
                 295;             32199576
                 296;             32140320
                 297;             32148384
                 298;             32138620
                 299;             32160752
                 300;             32098644
                 301;             32149060
                 302;             32122624
                 303;             32141764
                 304;             32128288
                 305;             32162800
                 306;             32153896
                 307;             32169720
                 308;             32130684
                 309;             32147400
                 310;             32141276
                 311;             32119488
                 312;             32328676
                 313;             32154428
                 314;             32138932
                 315;             32106448
                 316;             32149624
                 317;             33367068
                 318;             33419076
                 319;             33326120
                 320;             32990568
                 321;             33011968
                 322;             33024068
                 323;             33112560
                 324;             32939460
                 325;             33039032
                 326;             32959788
                 327;             33060960
                 328;             33055248
                 329;             32993052
                 330;             33048756
                 331;             33480360
                 332;             34405988
                 333;             33356904
                 334;             33313172
                 335;             33265768
                 336;             33270448
                 337;             33416324
                 338;             33515996
                 339;             33274532
                 340;             33265452
                 341;             33334804
                 342;             33256396
                 343;             33320764
                 344;             33353424
                 345;             33272116
                 346;             33550500
                 347;             33364636
                 348;             33521164
                 349;             33671856
                 350;             33321700
                 351;             33459716
                 352;             33708512
                 353;             33310220
                 354;             33306664
                 355;             33303476
                 356;             33631552
                 357;             33270876
                 358;             34283132
                 359;             33257468
