                   0;             22945720
                   1;             20292852
                   2;             20210784
                   3;             20222232
                   4;             20201692
                   5;             20192036
                   6;             20196504
                   7;             20210600
                   8;             20197032
                   9;             20187412
                  10;             20242004
                  11;             20199296
                  12;             20279848
                  13;             20233768
                  14;             20216188
                  15;             20217412
                  16;             20206584
                  17;             20231764
                  18;             20194288
                  19;             20231216
                  20;             20205016
                  21;             20220332
                  22;             20208984
                  23;             20187408
                  24;             20234772
                  25;             20212800
                  26;             20190520
                  27;             20185740
                  28;             20189888
                  29;             20252944
                  30;             20209484
                  31;             20224512
                  32;             20217200
                  33;             20393832
                  34;             20511756
                  35;             20243448
                  36;             20201420
                  37;             20211408
                  38;             20221936
                  39;             20184888
                  40;             20179388
                  41;             20188772
                  42;             20184828
                  43;             20194128
                  44;             20232276
                  45;             20204536
                  46;             20234496
                  47;             20228452
                  48;             20215740
                  49;             20189968
                  50;             20193836
                  51;             20189900
                  52;             20186032
                  53;             20187288
                  54;             20215200
                  55;             20177448
                  56;             20192416
                  57;             20207384
                  58;             20203632
                  59;             20380244
                  60;             20207672
                  61;             20327056
                  62;             20213928
                  63;             20203324
                  64;             20184196
                  65;             20220368
                  66;             20246680
                  67;             20209588
                  68;             20211072
                  69;             20185572
                  70;             20515844
                  71;             20321320
                  72;             20202768
                  73;             20184296
                  74;             20214724
                  75;             20207776
                  76;             20209132
                  77;             20218860
                  78;             20210976
                  79;             20198880
                  80;             20194632
                  81;             20211284
                  82;             20196772
                  83;             20213972
                  84;             20215924
                  85;             20191988
                  86;             20196416
                  87;             20173400
                  88;             20238964
                  89;             20205628
                  90;             20241592
                  91;             20210588
                  92;             20226108
                  93;             20232164
                  94;             20226992
                  95;             20219624
                  96;             20231636
                  97;             20210104
                  98;             20193900
                  99;             20197852
                 100;             20221976
                 101;             20212040
                 102;             20208424
                 103;             20212312
                 104;             20203664
                 105;             20202956
                 106;             20218132
                 107;             20454700
                 108;             20297860
                 109;             20240196
                 110;             20228672
                 111;             20191748
                 112;             20266332
                 113;             20213020
                 114;             20186156
                 115;             20208108
                 116;             20176520
                 117;             20178848
                 118;             20311412
                 119;             20240284
                 120;             20313240
                 121;             20209564
                 122;             20203860
                 123;             20231532
                 124;             20273664
                 125;             20198336
                 126;             20230900
                 127;             20188080
                 128;             20243816
                 129;             20197600
                 130;             20243364
                 131;             20191652
                 132;             20211172
                 133;             20203036
                 134;             20181860
                 135;             20218684
                 136;             20231652
                 137;             20193064
                 138;             20201812
                 139;             20220064
                 140;             20193660
                 141;             20204260
                 142;             20237748
                 143;             20222272
                 144;             20347704
                 145;             20200772
                 146;             20181612
                 147;             20203216
                 148;             20175356
                 149;             20180728
                 150;             20221816
                 151;             20213752
                 152;             20216372
                 153;             20223464
                 154;             20193140
                 155;             20213924
                 156;             20197928
                 157;             20237644
                 158;             20228876
                 159;             20209384
                 160;             20235488
                 161;             20200316
                 162;             20199948
                 163;             20230460
                 164;             20197704
                 165;             20214256
                 166;             20183752
                 167;             20248520
                 168;             20220588
                 169;             20269792
                 170;             20199416
                 171;             20213228
                 172;             20206524
                 173;             20200360
                 174;             20202032
                 175;             20198228
                 176;             20201748
                 177;             20283760
                 178;             20192428
                 179;             20202232
                 180;             20175896
                 181;             20337812
                 182;             20285664
                 183;             20428524
                 184;             20195532
                 185;             20202584
                 186;             20210180
                 187;             20194568
                 188;             20191752
                 189;             20188252
                 190;             20213488
                 191;             20205636
                 192;             20207084
                 193;             20225488
                 194;             20216140
                 195;             20213824
                 196;             20180640
                 197;             20182620
                 198;             20210280
                 199;             20211508
                 200;             20233992
                 201;             20215540
                 202;             20192272
                 203;             20192732
                 204;             20198632
                 205;             20191900
                 206;             20186180
                 207;             20225436
                 208;             20198864
                 209;             20223092
                 210;             20229144
                 211;             20179248
                 212;             20174212
                 213;             20194052
                 214;             20184244
                 215;             20190496
                 216;             20215968
                 217;             20217360
                 218;             20368648
                 219;             20255324
                 220;             20234236
                 221;             20197508
                 222;             20180292
                 223;             20181956
                 224;             20186188
                 225;             20208088
                 226;             20196876
                 227;             20189392
                 228;             20182680
                 229;             20193400
                 230;             20225280
                 231;             20219680
                 232;             20368116
                 233;             20241060
                 234;             20266888
                 235;             20189056
                 236;             20199400
                 237;             20248680
                 238;             20178664
                 239;             20178480
                 240;             20211864
                 241;             20192316
                 242;             20292712
                 243;             20218012
                 244;             20280684
                 245;             20196008
                 246;             20269580
                 247;             20243084
                 248;             20197312
                 249;             20201312
                 250;             20225416
                 251;             20466600
                 252;             20318396
                 253;             20418132
                 254;             20370524
                 255;             20572052
                 256;             20358624
                 257;             20415124
                 258;             20480120
                 259;             20331584
                 260;             20485000
                 261;             20419556
                 262;             20369468
                 263;             20347956
                 264;             20453812
                 265;             20488188
                 266;             20459568
                 267;             20528588
                 268;             20435464
                 269;             20497000
                 270;             20342196
                 271;             20366900
                 272;             20446868
                 273;             20447888
                 274;             20366844
                 275;             20401732
                 276;             20378052
                 277;             20477672
                 278;             20350304
                 279;             20712340
                 280;             20425760
                 281;             20559680
                 282;             20393584
                 283;             20357436
                 284;             20561500
                 285;             20398060
                 286;             20475268
                 287;             20596780
                 288;             20354132
                 289;             20368764
                 290;             20340752
                 291;             20434492
                 292;             20810556
                 293;             20233124
                 294;             20210356
                 295;             20263952
                 296;             20259856
                 297;             20201936
                 298;             20166392
                 299;             20553176
                 300;             20270012
                 301;             20194988
                 302;             20197724
                 303;             20244968
                 304;             21054860
                 305;             20212532
                 306;             20252336
                 307;             20251624
                 308;             20226860
                 309;             20253772
                 310;             20173772
                 311;             20160992
                 312;             20254636
                 313;             20227380
                 314;             20223076
                 315;             20193932
                 316;             20178360
                 317;             20218164
                 318;             20184944
                 319;             20197912
                 320;             20293432
                 321;             20175464
                 322;             20198792
                 323;             20176412
                 324;             20216544
                 325;             20179392
                 326;             20167620
                 327;             20200984
                 328;             20433744
                 329;             20417884
                 330;             20367716
                 331;             20400420
                 332;             20407948
                 333;             20374948
                 334;             20322944
                 335;             20356252
                 336;             20525792
                 337;             20377784
                 338;             20382768
                 339;             20394792
                 340;             20359752
                 341;             20375240
                 342;             20314824
                 343;             20349132
                 344;             20346756
                 345;             20349128
                 346;             20557488
                 347;             20412232
                 348;             20326728
                 349;             20343468
                 350;             20326868
                 351;             20373764
                 352;             20351872
                 353;             20380812
                 354;             20349720
                 355;             20333156
                 356;             20483980
                 357;             20323112
                 358;             20374220
                 359;             20570568
