                   0;             70897148
                   1;             61404332
                   2;             50826524
                   3;             60746316
                   4;             60388312
                   5;             50323088
                   6;             52437084
                   7;             63463112
                   8;             63386908
                   9;             63352072
                  10;             63326524
                  11;             63345904
                  12;             63215060
                  13;             63306196
                  14;             63308984
                  15;             63441500
                  16;             64269440
                  17;             63911036
                  18;             63428368
                  19;             63350852
                  20;             63436508
                  21;             63382536
                  22;             63356320
                  23;             63292980
                  24;             63304432
                  25;             63385508
                  26;             63325608
                  27;             63315900
                  28;             63323252
                  29;             63284548
                  30;             63295032
                  31;             63337620
                  32;             63281616
                  33;             64256892
                  34;             63467752
                  35;             63334252
                  36;             63384532
                  37;             63355452
                  38;             63255612
                  39;             63323344
                  40;             63359468
                  41;             63275668
                  42;             63240488
                  43;             63349928
                  44;             63341028
                  45;             63355328
                  46;             63342136
                  47;             63436816
                  48;             63327804
                  49;             63309260
                  50;             63242804
                  51;             63998636
                  52;             63330064
                  53;             63318928
                  54;             63232724
                  55;             63319624
                  56;             63232000
                  57;             63248040
                  58;             63177312
                  59;             63223548
                  60;             63203172
                  61;             63292228
                  62;             63310676
                  63;             63277748
                  64;             63262816
                  65;             63310512
                  66;             63260240
                  67;             63367736
                  68;             63179632
                  69;             63381336
                  70;             63159680
                  71;             63303068
                  72;             63198208
                  73;             63307996
                  74;             63269588
                  75;             63221844
                  76;             63355032
                  77;             63323952
                  78;             63201136
                  79;             63300972
                  80;             63339016
                  81;             63251200
                  82;             63270572
                  83;             63299876
                  84;             63205284
                  85;             63221544
                  86;             63535056
                  87;             63245324
                  88;             63223912
                  89;             63174760
                  90;             63232320
                  91;             63122944
                  92;             63203208
                  93;             63169608
                  94;             63184872
                  95;             63215484
                  96;             63087396
                  97;             63205360
                  98;             63149896
                  99;             63229752
                 100;             63289496
                 101;             63269088
                 102;             63342044
                 103;             63174472
                 104;             63251984
                 105;             63220200
                 106;             63132196
                 107;             63224420
                 108;             63217452
                 109;             63274260
                 110;             63184496
                 111;             63293296
                 112;             63223160
                 113;             63207488
                 114;             63138220
                 115;             63207836
                 116;             63201648
                 117;             63214044
                 118;             63243192
                 119;             63207712
                 120;             63262504
                 121;             64197444
                 122;             63228472
                 123;             63275164
                 124;             63218156
                 125;             63235620
                 126;             63159104
                 127;             63082800
                 128;             63226992
                 129;             63095292
                 130;             63032656
                 131;             63054032
                 132;             63168124
                 133;             63104932
                 134;             63234988
                 135;             63346272
                 136;             63123208
                 137;             63181668
                 138;             63070876
                 139;             63394880
                 140;             63077120
                 141;             63107360
                 142;             63146028
                 143;             63153100
                 144;             63037472
                 145;             63053696
                 146;             63062016
                 147;             63115332
                 148;             63079524
                 149;             63186372
                 150;             63210884
                 151;             63222220
                 152;             63042456
                 153;             63241008
                 154;             62996936
                 155;             63066124
                 156;             63846192
                 157;             63108896
                 158;             63107784
                 159;             63139588
                 160;             63147180
                 161;             63246400
                 162;             64006672
                 163;             63314348
                 164;             63025392
                 165;             63127748
                 166;             62971900
                 167;             63211760
                 168;             63427744
                 169;             63962140
                 170;             63770024
                 171;             64078368
                 172;             64222164
                 173;             64533952
                 174;             65093460
                 175;             64858280
                 176;             65321036
                 177;             65646404
                 178;             65684740
                 179;             65850864
                 180;             65795416
                 181;             65692872
                 182;             65395132
                 183;             65556464
                 184;             65333728
                 185;             65478140
                 186;             65388348
                 187;             65498452
                 188;             65131760
                 189;             65111532
                 190;             65610348
                 191;             65869460
                 192;             65221520
                 193;             65361036
                 194;             65291592
                 195;             65458360
                 196;             64749144
                 197;             64801072
                 198;             64642292
                 199;             64769840
                 200;             64640180
                 201;             64535172
                 202;             64625752
                 203;             64533128
                 204;             64603780
                 205;             64542784
                 206;             64564384
                 207;             64531548
                 208;             65436744
                 209;             64496216
                 210;             64509280
                 211;             64386080
                 212;             64371428
                 213;             64325076
                 214;             64303376
                 215;             64456660
                 216;             64356884
                 217;             64316704
                 218;             64320292
                 219;             64158972
                 220;             64265688
                 221;             64210412
                 222;             64134392
                 223;             64162568
                 224;             64247940
                 225;             65030820
                 226;             64145156
                 227;             64102840
                 228;             64091236
                 229;             64030064
                 230;             64146156
                 231;             64293412
                 232;             64114788
                 233;             63971532
                 234;             63959716
                 235;             63924300
                 236;             64547448
                 237;             63939476
                 238;             63939628
                 239;             63921636
                 240;             63921164
                 241;             63900888
                 242;             64368388
                 243;             64248312
                 244;             63952352
                 245;             63959868
                 246;             64990944
                 247;             64954364
                 248;             64950964
                 249;             65280148
                 250;             65229784
                 251;             65838976
                 252;             65485476
                 253;             65369500
                 254;             65443468
                 255;             65316856
                 256;             65263500
                 257;             65338156
                 258;             66615252
                 259;             65330812
                 260;             64924384
                 261;             64506060
                 262;             64436640
                 263;             64559352
                 264;             64546680
                 265;             64432580
                 266;             64427768
                 267;             64612256
                 268;             64571904
                 269;             64301532
                 270;             64414060
                 271;             64522988
                 272;             64512000
                 273;             64552456
                 274;             64301532
                 275;             64430836
                 276;             64377664
                 277;             64647012
                 278;             64449304
                 279;             64476524
                 280;             64406080
                 281;             64331904
                 282;             64433664
                 283;             64795396
                 284;             64409716
                 285;             64402348
                 286;             64302640
                 287;             64383272
                 288;             64442376
                 289;             64416676
                 290;             64390064
                 291;             64397032
                 292;             64281416
                 293;             64449308
                 294;             65469556
                 295;             64488088
                 296;             64362032
                 297;             64389680
                 298;             64412592
                 299;             64375500
                 300;             64243640
                 301;             64285648
                 302;             64394992
                 303;             64262864
                 304;             64408016
                 305;             64331068
                 306;             64454704
                 307;             64237992
                 308;             64373272
                 309;             64406348
                 310;             64421152
                 311;             64206072
                 312;             64316876
                 313;             64383268
                 314;             64514456
                 315;             64220276
                 316;             64267684
                 317;             64270236
                 318;             64191592
                 319;             64148372
                 320;             64494456
                 321;             64127992
                 322;             64162464
                 323;             64168756
                 324;             64273756
                 325;             64312220
                 326;             64226936
                 327;             64069340
                 328;             64167100
                 329;             64273108
                 330;             64343088
                 331;             64326940
                 332;             64102808
                 333;             64318324
                 334;             63876604
                 335;             63527476
                 336;             63563536
                 337;             63504388
                 338;             63560248
                 339;             63922628
                 340;             63448844
                 341;             63478020
                 342;             63403516
                 343;             63441768
                 344;             63494652
                 345;             63647296
                 346;             63579488
                 347;             63526404
                 348;             63501868
                 349;             63593824
                 350;             64276056
                 351;             64164084
                 352;             64250864
                 353;             64260876
                 354;             64168388
                 355;             64106456
                 356;             64193264
                 357;             64221760
                 358;             64203308
                 359;             64236968
