                   0;             58167900
                   1;             54475072
                   2;             54838532
                   3;             54789256
                   4;             55155852
                   5;             55235572
                   6;             55404136
                   7;             55449672
                   8;             55574912
                   9;             55711356
                  10;             55800740
                  11;             55863340
                  12;             56011908
                  13;             56212884
                  14;             56461088
                  15;             56419656
                  16;             56146732
                  17;             56150624
                  18;             56140388
                  19;             56197592
                  20;             56165476
                  21;             56250552
                  22;             56174760
                  23;             56256352
                  24;             56286148
                  25;             56186164
                  26;             56257468
                  27;             56417912
                  28;             56279948
                  29;             56335696
                  30;             56393076
                  31;             56383824
                  32;             56285420
                  33;             56412828
                  34;             56758772
                  35;             56454956
                  36;             56390192
                  37;             56461448
                  38;             56408292
                  39;             56504508
                  40;             56419056
                  41;             56585636
                  42;             56463596
                  43;             56611760
                  44;             56516916
                  45;             56571856
                  46;             56798500
                  47;             56588352
                  48;             56488016
                  49;             56541392
                  50;             56463288
                  51;             56530440
                  52;             56370212
                  53;             57247108
                  54;             56403124
                  55;             56537388
                  56;             56473644
                  57;             56531628
                  58;             56652084
                  59;             56577340
                  60;             56787168
                  61;             56615404
                  62;             56692276
                  63;             56570068
                  64;             56662660
                  65;             56521256
                  66;             56556520
                  67;             56654124
                  68;             56515540
                  69;             56555284
                  70;             56483396
                  71;             56514452
                  72;             57175188
                  73;             56534772
                  74;             56391820
                  75;             56504028
                  76;             56486100
                  77;             56452760
                  78;             56345676
                  79;             56454972
                  80;             56288320
                  81;             56407096
                  82;             56244316
                  83;             56306520
                  84;             56402364
                  85;             56277588
                  86;             56334792
                  87;             56395736
                  88;             56266464
                  89;             56361916
                  90;             56352896
                  91;             56873552
                  92;             56254788
                  93;             56370588
                  94;             56210028
                  95;             56353528
                  96;             56209832
                  97;             56311212
                  98;             56214396
                  99;             56312376
                 100;             56187180
                 101;             56299732
                 102;             56160548
                 103;             56262780
                 104;             56183520
                 105;             56320912
                 106;             56211972
                 107;             56308260
                 108;             56470840
                 109;             56325020
                 110;             56573636
                 111;             56304640
                 112;             56160344
                 113;             56213552
                 114;             56146880
                 115;             56295984
                 116;             56140948
                 117;             56247552
                 118;             56117628
                 119;             56191840
                 120;             56237692
                 121;             56199224
                 122;             56161320
                 123;             56207172
                 124;             56072944
                 125;             56095252
                 126;             56178540
                 127;             56054808
                 128;             56115588
                 129;             56383092
                 130;             56190312
                 131;             56105564
                 132;             55988716
                 133;             56055888
                 134;             55971368
                 135;             56069772
                 136;             55971900
                 137;             56083332
                 138;             55971916
                 139;             55993532
                 140;             56076988
                 141;             56052060
                 142;             56029664
                 143;             56178336
                 144;             57887360
                 145;             56006284
                 146;             56037792
                 147;             56068756
                 148;             56261244
                 149;             56140476
                 150;             56124196
                 151;             55972960
                 152;             56040416
                 153;             55952144
                 154;             56050704
                 155;             55982560
                 156;             56004504
                 157;             56090156
                 158;             55963788
                 159;             55973676
                 160;             56066504
                 161;             55997896
                 162;             55991812
                 163;             56059904
                 164;             55946988
                 165;             55993080
                 166;             56114344
                 167;             55978804
                 168;             56405828
                 169;             56033772
                 170;             55971988
                 171;             56301636
                 172;             55985708
                 173;             55983496
                 174;             56011732
                 175;             54942168
                 176;             55115448
                 177;             55263340
                 178;             55276128
                 179;             55298476
                 180;             55644792
                 181;             55569580
                 182;             55584840
                 183;             55607828
                 184;             55654028
                 185;             55687640
                 186;             55683644
                 187;             56284116
                 188;             55831228
                 189;             55802548
                 190;             55759400
                 191;             55776696
                 192;             55795720
                 193;             55823568
                 194;             55831460
                 195;             55809848
                 196;             55919144
                 197;             55805476
                 198;             55875428
                 199;             55891676
                 200;             55895880
                 201;             55883424
                 202;             55772064
                 203;             55854772
                 204;             55991504
                 205;             55910400
                 206;             56241568
                 207;             55860580
                 208;             55824272
                 209;             55771212
                 210;             55898824
                 211;             55787352
                 212;             55792548
                 213;             55721884
                 214;             55755592
                 215;             55699732
                 216;             55688904
                 217;             55561340
                 218;             55624892
                 219;             55458932
                 220;             55508948
                 221;             55349256
                 222;             55372508
                 223;             55326852
                 224;             55433708
                 225;             54821816
                 226;             55267836
                 227;             55240372
                 228;             55418152
                 229;             55535212
                 230;             55656356
                 231;             55809156
                 232;             55858284
                 233;             55996720
                 234;             56073076
                 235;             56144672
                 236;             56498972
                 237;             55281264
                 238;             55605908
                 239;             56099548
                 240;             56064184
                 241;             56071472
                 242;             56065360
                 243;             56199480
                 244;             56120168
                 245;             56679784
                 246;             56157280
                 247;             56254148
                 248;             56299816
                 249;             56313112
                 250;             56258352
                 251;             56796576
                 252;             56619552
                 253;             56655072
                 254;             56712604
                 255;             56688676
                 256;             56504432
                 257;             56560780
                 258;             56536964
                 259;             56523516
                 260;             56652980
                 261;             56555544
                 262;             56633516
                 263;             56540008
                 264;             57419796
                 265;             57189656
                 266;             56923952
                 267;             56720488
                 268;             56928000
                 269;             56678316
                 270;             56667480
                 271;             56803464
                 272;             56600972
                 273;             56551292
                 274;             56763128
                 275;             56479972
                 276;             56352836
                 277;             56495640
                 278;             56314988
                 279;             56473848
                 280;             56371984
                 281;             56573492
                 282;             56629776
                 283;             56872408
                 284;             56655072
                 285;             56447560
                 286;             56649428
                 287;             56411168
                 288;             56552132
                 289;             56754048
                 290;             56656612
                 291;             56836516
                 292;             56631892
                 293;             56918572
                 294;             56621992
                 295;             56627356
                 296;             56870724
                 297;             56611224
                 298;             56901604
                 299;             58533840
                 300;             56286528
                 301;             56155080
                 302;             57016472
                 303;             56878344
                 304;             56781996
                 305;             56883484
                 306;             56969452
                 307;             56755920
                 308;             56922092
                 309;             56718820
                 310;             56914000
                 311;             56648944
                 312;             56792500
                 313;             56977232
                 314;             56857684
                 315;             56705264
                 316;             56726700
                 317;             56701884
                 318;             56629468
                 319;             57763116
                 320;             56242524
                 321;             56578176
                 322;             56356184
                 323;             56246156
                 324;             56361260
                 325;             56259256
                 326;             56277828
                 327;             56303684
                 328;             56334600
                 329;             56431484
                 330;             56284232
                 331;             56448904
                 332;             55480248
                 333;             55524224
                 334;             55693872
                 335;             55807792
                 336;             55864352
                 337;             55861680
                 338;             55971028
                 339;             55965020
                 340;             55991556
                 341;             55983720
                 342;             56012616
                 343;             56004308
                 344;             56027152
                 345;             56124016
                 346;             56076980
                 347;             56095184
                 348;             56085156
                 349;             56162196
                 350;             56050864
                 351;             56124692
                 352;             56122256
                 353;             56139192
                 354;             56095376
                 355;             56140708
                 356;             56119192
                 357;             56153564
                 358;             56320888
                 359;             56193328
