                   0;              5581304
                   1;              5586924
                   2;              5626848
                   3;              5704712
                   4;              5618272
                   5;              5574732
                   6;              5572268
                   7;              5571608
                   8;              5607180
                   9;              5603688
                  10;              5604852
                  11;              5605648
                  12;              5579780
                  13;              5569536
                  14;              5572628
                  15;              5613212
                  16;              5611656
                  17;              5610152
                  18;              5598072
                  19;              5567336
                  20;              5570476
                  21;              5566656
                  22;              5604472
                  23;              5612672
                  24;              5609720
                  25;              5606720
                  26;              5606732
                  27;              5572428
                  28;              5572316
                  29;              5569756
                  30;              5608640
                  31;              5611224
                  32;              5604588
                  33;              5606156
                  34;              5578636
                  35;              5575152
                  36;              5575336
                  37;              5609112
                  38;              5610408
                  39;              5607900
                  40;              5611356
                  41;              5576036
                  42;              5570268
                  43;              5574000
                  44;              5612224
                  45;              5607432
                  46;              5607256
                  47;              5604820
                  48;              5572868
                  49;              5568660
                  50;              5570440
                  51;              6231952
                  52;              5626684
                  53;              5669192
                  54;              5568564
                  55;              5616760
                  56;              5570904
                  57;              5626492
                  58;              5614168
                  59;              5603288
                  60;              5607076
                  61;              5571544
                  62;              5569500
                  63;              5573148
                  64;              5611652
                  65;              5611548
                  66;              5607936
                  67;              5609908
                  68;              5571664
                  69;              5570820
                  70;              5567460
                  71;              5609580
                  72;              5607896
                  73;              5607652
                  74;              5605128
                  75;              5605616
                  76;              5573760
                  77;              5569204
                  78;              5567376
                  79;              5604724
                  80;              5611708
                  81;              5602440
                  82;              5604268
                  83;              5580976
                  84;              5566552
                  85;              5573908
                  86;              5606768
                  87;              5605744
                  88;              5605928
                  89;              5605996
                  90;              5570028
                  91;              5570164
                  92;              5571872
                  93;              5608556
                  94;              5606992
                  95;              5605928
                  96;              5609176
                  97;              5605756
                  98;              5569528
                  99;              5572308
                 100;              5607804
                 101;              5610788
                 102;              5609740
                 103;              5603744
                 104;              5604660
                 105;              5571272
                 106;              5570936
                 107;              5572184
                 108;              5608768
                 109;              5605424
                 110;              5606712
                 111;              5601896
                 112;              5576056
                 113;              5571284
                 114;              5571600
                 115;              5608988
                 116;              5611764
                 117;              5608712
                 118;              5609176
                 119;              5569920
                 120;              5571076
                 121;              5571616
                 122;              5606736
                 123;              5608292
                 124;              5608876
                 125;              5605784
                 126;              5567704
                 127;              5573236
                 128;              5570708
                 129;              5609592
                 130;              5607200
                 131;              5612052
                 132;              5610960
                 133;              5613464
                 134;              5574696
                 135;              5570416
                 136;              5568444
                 137;              5611788
                 138;              5603556
                 139;              5606456
                 140;              5603600
                 141;              5573360
                 142;              5569580
                 143;              5570224
                 144;              5616084
                 145;              5608688
                 146;              5608732
                 147;              5601432
                 148;              5573888
                 149;              5574216
                 150;              5569160
                 151;              5612720
                 152;              5607636
                 153;              5610716
                 154;              5604116
                 155;              5566932
                 156;              5568080
                 157;              5565480
                 158;              5605920
                 159;              5607656
                 160;              5604796
                 161;              5613844
                 162;              5604664
                 163;              5575288
                 164;              5570640
                 165;              5572364
                 166;              5607656
                 167;              5612584
                 168;              5605028
                 169;              5611136
                 170;              5573228
                 171;              5568840
                 172;              5567044
                 173;              5611180
                 174;              5605796
                 175;              5602756
                 176;              5621680
                 177;              5570192
                 178;              5572032
                 179;              5568184
                 180;              5608852
                 181;              5609380
                 182;              5608996
                 183;              5956744
                 184;              5577560
                 185;              5760256
                 186;              5635832
                 187;              5657792
                 188;              5610068
                 189;              5617168
                 190;              5566252
                 191;              5572256
                 192;              5569296
                 193;              5606012
                 194;              5607996
                 195;              5607328
                 196;              5607960
                 197;              5612076
                 198;              5569960
                 199;              5572316
                 200;              5570072
                 201;              5609500
                 202;              5611160
                 203;              5608800
                 204;              5604012
                 205;              5583328
                 206;              5568004
                 207;              5568920
                 208;              5607600
                 209;              5608320
                 210;              5608012
                 211;              5601376
                 212;              5575856
                 213;              5575896
                 214;              5571820
                 215;              5604320
                 216;              5612028
                 217;              5615532
                 218;              5684460
                 219;              5573988
                 220;              5571356
                 221;              5567664
                 222;              5610212
                 223;              5606880
                 224;              5604188
                 225;              5625784
                 226;              5568984
                 227;              5573184
                 228;              5570788
                 229;              5608504
                 230;              5608128
                 231;              5607284
                 232;              5600912
                 233;              5566164
                 234;              5573276
                 235;              5565972
                 236;              5607724
                 237;              5611892
                 238;              5605072
                 239;              5603824
                 240;              5603436
                 241;              5572728
                 242;              5572104
                 243;              5573996
                 244;              5615828
                 245;              5613024
                 246;              5606632
                 247;              5607268
                 248;              5570820
                 249;              5570480
                 250;              5575292
                 251;              5609264
                 252;              5602024
                 253;              5606292
                 254;              5617084
                 255;              5578808
                 256;              5576292
                 257;              5589408
                 258;              5601684
                 259;              5598392
                 260;              5610680
                 261;              5596024
                 262;              5574804
                 263;              5585408
                 264;              5570888
                 265;              5602808
                 266;              5625352
                 267;              5605312
                 268;              5602408
                 269;              5577592
                 270;              5589824
                 271;              5574124
                 272;              5598196
                 273;              5611104
                 274;              5604520
                 275;              5588928
                 276;              5580032
                 277;              5579112
                 278;              5587764
                 279;              5607308
                 280;              5598228
                 281;              5604888
                 282;              5600896
                 283;              5580900
                 284;              5594772
                 285;              5575108
                 286;              5601572
                 287;              5613200
                 288;              5603168
                 289;              5598020
                 290;              5573448
                 291;              5583832
                 292;              5572228
                 293;              5609692
                 294;              5605904
                 295;              5602032
                 296;              5606936
                 297;              5576464
                 298;              5571524
                 299;              5569092
                 300;              5620108
                 301;              5623016
                 302;              5605140
                 303;              5602500
                 304;              5569672
                 305;              5571692
                 306;              5568600
                 307;              5609244
                 308;              5597784
                 309;              5610684
                 310;              5604416
                 311;              5594112
                 312;              5573436
                 313;              5574132
                 314;              5683512
                 315;              5640208
                 316;              5611312
                 317;              5581956
                 318;              5919348
                 319;              5600064
                 320;              5615716
                 321;              5629120
                 322;              5622464
                 323;              5597060
                 324;              5576288
                 325;              5736848
                 326;              5647972
                 327;              5599268
                 328;              5609548
                 329;              5618700
                 330;              5589024
                 331;              5576068
                 332;              5589896
                 333;              5585472
                 334;              5625612
                 335;              5603524
                 336;              5597816
                 337;              5580284
                 338;              5594452
                 339;              5575416
                 340;              5594752
                 341;              5633828
                 342;              5607600
                 343;              5546328
                 344;              5599424
                 345;              5582392
                 346;              5630188
                 347;              5603796
                 348;              5607384
                 349;              5617708
                 350;              5588400
                 351;              5576880
                 352;              5578256
                 353;              5626592
                 354;              5598744
                 355;              5595052
                 356;              5573316
                 357;              5583592
                 358;              5575108
                 359;              5604740
