                   0;              3242560
                   1;              3177004
                   2;              3180752
                   3;              3233588
                   4;              4717192
                   5;              3223544
                   6;              3366344
                   7;              3236148
                   8;              3165644
                   9;              3164236
                  10;              3162192
                  11;              3163544
                  12;              3162788
                  13;              3160848
                  14;              3158008
                  15;              3228360
                  16;              3216992
                  17;              3209740
                  18;              3159552
                  19;              3162288
                  20;              3157380
                  21;              3162308
                  22;              3162692
                  23;              3162636
                  24;              3204196
                  25;              3202516
                  26;              3241500
                  27;              3161660
                  28;              3159400
                  29;              3163236
                  30;              3162104
                  31;              3165292
                  32;              3162684
                  33;              3209304
                  34;              3205096
                  35;              3209716
                  36;              3163320
                  37;              3162772
                  38;              3160964
                  39;              3160240
                  40;              3169956
                  41;              3157568
                  42;              3203980
                  43;              3212580
                  44;              3207468
                  45;              3162552
                  46;              3158152
                  47;              3155936
                  48;              3164968
                  49;              3162420
                  50;              3163148
                  51;              3201972
                  52;              3205532
                  53;              3208552
                  54;              3159244
                  55;              3158480
                  56;              3168568
                  57;              3160236
                  58;              3157356
                  59;              3157768
                  60;              3205632
                  61;              3196780
                  62;              3197308
                  63;              3155108
                  64;              3163676
                  65;              3162860
                  66;              3981244
                  67;              3186652
                  68;              3182268
                  69;              3176388
                  70;              3392832
                  71;              3162584
                  72;              3228052
                  73;              3199836
                  74;              3219288
                  75;              3166464
                  76;              3167912
                  77;              3165464
                  78;              3163292
                  79;              3171868
                  80;              3163540
                  81;              3210136
                  82;              3203140
                  83;              3207504
                  84;              3160252
                  85;              3159948
                  86;              3159000
                  87;              3158560
                  88;              3164760
                  89;              3159132
                  90;              3229288
                  91;              3207224
                  92;              3207520
                  93;              3160936
                  94;              3165380
                  95;              3160712
                  96;              3160840
                  97;              3166400
                  98;              3162460
                  99;              3206968
                 100;              3205020
                 101;              3212088
                 102;              3156560
                 103;              3158468
                 104;              3162144
                 105;              3164460
                 106;              3163168
                 107;              3255896
                 108;              3217480
                 109;              3233804
                 110;              3165748
                 111;              3157744
                 112;              3156664
                 113;              3163720
                 114;              3161348
                 115;              3173944
                 116;              3214668
                 117;              3209316
                 118;              3214620
                 119;              3164512
                 120;              3158372
                 121;              3162772
                 122;              3159428
                 123;              3162528
                 124;              3164176
                 125;              3250620
                 126;              3211132
                 127;              3214252
                 128;              3162984
                 129;              3158328
                 130;              3160344
                 131;              3161532
                 132;              3159300
                 133;              3166116
                 134;              3208448
                 135;              3206096
                 136;              3220724
                 137;              3160984
                 138;              3162172
                 139;              3160844
                 140;              3161232
                 141;              3162912
                 142;              3160968
                 143;              3203856
                 144;              3213748
                 145;              3164980
                 146;              3163600
                 147;              3158948
                 148;              3159184
                 149;              3160232
                 150;              3177600
                 151;              3208532
                 152;              3204628
                 153;              3200168
                 154;              3164316
                 155;              3160016
                 156;              3164976
                 157;              3166912
                 158;              3161200
                 159;              3166124
                 160;              3226276
                 161;              3207980
                 162;              3206112
                 163;              3162512
                 164;              3159960
                 165;              3158420
                 166;              3168416
                 167;              3160380
                 168;              3164840
                 169;              3202868
                 170;              3207080
                 171;              3205732
                 172;              3163464
                 173;              3161664
                 174;              3167040
                 175;              3168816
                 176;              3161128
                 177;              3167320
                 178;              3204672
                 179;              3208036
                 180;              3217304
                 181;              3162780
                 182;              3163040
                 183;              3157316
                 184;              3167908
                 185;              3167024
                 186;              3195388
                 187;              3201036
                 188;              3202628
                 189;              3163132
                 190;              3160248
                 191;              3159584
                 192;              3165672
                 193;              3162660
                 194;              3167308
                 195;              3217644
                 196;              3213476
                 197;              3308500
                 198;              3168364
                 199;              3187156
                 200;              3162324
                 201;              3216376
                 202;              3160680
                 203;              3238188
                 204;              3208196
                 205;              3199616
                 206;              3212864
                 207;              3156208
                 208;              3162732
                 209;              3161180
                 210;              3158912
                 211;              3166700
                 212;              3170680
                 213;              3213296
                 214;              3203372
                 215;              3281448
                 216;              3157856
                 217;              3161640
                 218;              3166260
                 219;              3153172
                 220;              3163732
                 221;              3168168
                 222;              3209164
                 223;              3210948
                 224;              3212204
                 225;              3166280
                 226;              3165364
                 227;              3163820
                 228;              3156756
                 229;              3160856
                 230;              3166600
                 231;              3202312
                 232;              3209748
                 233;              3203620
                 234;              3157828
                 235;              3919376
                 236;              3187684
                 237;              3175344
                 238;              3172232
                 239;              3176144
                 240;              3176980
                 241;              3175632
                 242;              3234560
                 243;              3226188
                 244;              3231008
                 245;              3162748
                 246;              3160168
                 247;              3164260
                 248;              3162868
                 249;              3162652
                 250;              3315160
                 251;              3293372
                 252;              3322476
                 253;              3263192
                 254;              3188304
                 255;              3228484
                 256;              3171240
                 257;              3227536
                 258;              3296292
                 259;              3296440
                 260;              3175600
                 261;              3203812
                 262;              3171736
                 263;              3212824
                 264;              3261276
                 265;              3282860
                 266;              3302700
                 267;              3174000
                 268;              3174684
                 269;              3170932
                 270;              3170028
                 271;              3204140
                 272;              3274260
                 273;              3252680
                 274;              3209796
                 275;              3209256
                 276;              3258808
                 277;              3220576
                 278;              3213856
                 279;              3204516
                 280;              3242240
                 281;              3168428
                 282;              3168564
                 283;              3165868
                 284;              3482264
                 285;              3260896
                 286;              3215108
                 287;              3222692
                 288;              3192384
                 289;              3160708
                 290;              3317292
                 291;              3280988
                 292;              3173136
                 293;              3164640
                 294;              3172916
                 295;              3315888
                 296;              3308948
                 297;              3252784
                 298;              3227864
                 299;              3168776
                 300;              3174496
                 301;              3282132
                 302;              3264472
                 303;              3266884
                 304;              3175568
                 305;              3178636
                 306;              3336652
                 307;              3226308
                 308;              3211820
                 309;              3217688
                 310;              3278544
                 311;              3293008
                 312;              3454868
                 313;              3306680
                 314;              3274980
                 315;              3185936
                 316;              3182728
                 317;              3161032
                 318;              3210932
                 319;              3326776
                 320;              3301384
                 321;              3291836
                 322;              3171280
                 323;              3161416
                 324;              3158796
                 325;              3282412
                 326;              3266136
                 327;              3250708
                 328;              3168232
                 329;              3212652
                 330;              3578248
                 331;              3309144
                 332;              3220044
                 333;              3178760
                 334;              3191356
                 335;              3293984
                 336;              3301256
                 337;              3164104
                 338;              3196004
                 339;              3166692
                 340;              3299484
                 341;              3307844
                 342;              3297052
                 343;              3196164
                 344;              3174308
                 345;              3169676
                 346;              3284320
                 347;              3270992
                 348;              3228648
                 349;              3168272
                 350;              3162664
                 351;              3209220
                 352;              3302112
                 353;              3302896
                 354;              3300512
                 355;              3178960
                 356;              3170956
                 357;              3165316
                 358;              3261996
                 359;              3294956
