                   0;              7471708
                   1;              3058112
                   2;              3061580
                   3;              3065896
                   4;              3064812
                   5;              3066188
                   6;              3064932
                   7;              3061728
                   8;              3057664
                   9;              3062164
                  10;              3106684
                  11;              3103544
                  12;              3097272
                  13;              3069960
                  14;              3066160
                  15;              3063600
                  16;              3067836
                  17;              3060852
                  18;              3064828
                  19;              3065124
                  20;              3066348
                  21;              3060088
                  22;              3061744
                  23;              3055904
                  24;              3058824
                  25;              3059508
                  26;              3059480
                  27;              3062684
                  28;              3060520
                  29;              3054340
                  30;              3030708
                  31;              3034220
                  32;              3069332
                  33;              3100128
                  34;              3091876
                  35;              3095476
                  36;              3133488
                  37;              3090880
                  38;              3097340
                  39;              3055652
                  40;              3062156
                  41;              3057164
                  42;              3060320
                  43;              3055528
                  44;              3059768
                  45;              3059744
                  46;              3051692
                  47;              3055432
                  48;              3036436
                  49;              3024996
                  50;              3029856
                  51;              3057404
                  52;              3054500
                  53;              3055700
                  54;              3059220
                  55;              3091828
                  56;              7608812
                  57;              3381012
                  58;              3029104
                  59;              4202040
                  60;              3040156
                  61;              3078120
                  62;              3026876
                  63;              3028820
                  64;              3098576
                  65;              3103900
                  66;              3093440
                  67;              3062624
                  68;              3064244
                  69;              3070008
                  70;              3061136
                  71;              3050688
                  72;              3052888
                  73;              3054504
                  74;              3056376
                  75;              3052484
                  76;              3063712
                  77;              3060644
                  78;              3066484
                  79;              3062768
                  80;              3034584
                  81;              3031192
                  82;              3032444
                  83;              3057532
                  84;              3059924
                  85;              3062428
                  86;              3032904
                  87;              3033488
                  88;              3033960
                  89;              3065176
                  90;              3065148
                  91;              3059796
                  92;              3059372
                  93;              3051156
                  94;              3050356
                  95;              3097352
                  96;              3098868
                  97;              3086708
                  98;              3058724
                  99;              3062692
                 100;              3063940
                 101;              3069916
                 102;              3064992
                 103;              3059828
                 104;              3059680
                 105;              3041152
                 106;              3029544
                 107;              3031380
                 108;              3058088
                 109;              3028080
                 110;              3061960
                 111;              3060472
                 112;              3031652
                 113;              3065992
                 114;              3066548
                 115;              3064536
                 116;              3064372
                 117;              3061656
                 118;              3099128
                 119;              3095380
                 120;              3099732
                 121;              3062344
                 122;              3062900
                 123;              3065052
                 124;              3066956
                 125;              3060692
                 126;              3057600
                 127;              3061288
                 128;              3058504
                 129;              3052400
                 130;              3026900
                 131;              3059536
                 132;              3061156
                 133;              3029816
                 134;              3032464
                 135;              3054792
                 136;              3034040
                 137;              3032124
                 138;              3068952
                 139;              3055340
                 140;              3061916
                 141;              3060500
                 142;              3058672
                 143;              3057152
                 144;              3062768
                 145;              3059920
                 146;              3023688
                 147;              3064276
                 148;              3065188
                 149;              3064136
                 150;              3059924
                 151;              3063440
                 152;              3061728
                 153;              3058564
                 154;              3058140
                 155;              3055600
                 156;              3030260
                 157;              3031284
                 158;              3065176
                 159;              3029868
                 160;              3030468
                 161;              3053824
                 162;              3063128
                 163;              3097716
                 164;              3095696
                 165;              3060704
                 166;              3062952
                 167;              3099264
                 168;              3086420
                 169;              3058160
                 170;              3031596
                 171;              3064740
                 172;              3060544
                 173;              3057964
                 174;              3059724
                 175;              3062440
                 176;              3061184
                 177;              3062020
                 178;              3061204
                 179;              3032296
                 180;              3033184
                 181;              3035928
                 182;              3036056
                 183;              3033640
                 184;              3035980
                 185;              3031552
                 186;              3065792
                 187;              3102048
                 188;              3093240
                 189;              3075880
                 190;              3062436
                 191;              3060408
                 192;              3067420
                 193;              3064288
                 194;              3056844
                 195;              3090376
                 196;              3057168
                 197;              3062284
                 198;              3057928
                 199;              3067104
                 200;              8054732
                 201;              3400560
                 202;              3126064
                 203;              3064656
                 204;              3068160
                 205;              3110332
                 206;              3065692
                 207;              3054092
                 208;              3057648
                 209;              3061228
                 210;              3060224
                 211;              3055124
                 212;              3052144
                 213;              3059244
                 214;              3062536
                 215;              3062292
                 216;              3060460
                 217;              3055860
                 218;              3061760
                 219;              3042476
                 220;              3067980
                 221;              3060964
                 222;              3066236
                 223;              3062032
                 224;              3094464
                 225;              3092932
                 226;              3064936
                 227;              3066472
                 228;              3067828
                 229;              3029864
                 230;              3065544
                 231;              3068156
                 232;              3063352
                 233;              3059584
                 234;              3062792
                 235;              3058972
                 236;              3056308
                 237;              3056968
                 238;              3030312
                 239;              3028288
                 240;              3033308
                 241;              3033876
                 242;              3027284
                 243;              3026016
                 244;              3027672
                 245;              3034136
                 246;              3101756
                 247;              3067508
                 248;              3063968
                 249;              3096180
                 250;              3462872
                 251;             10754708
                 252;              3096428
                 253;              3323012
                 254;              3054300
                 255;              3064004
                 256;              3287140
                 257;              3057376
                 258;              3096988
                 259;              3162236
                 260;              3042472
                 261;              3109588
                 262;              3137588
                 263;              3047668
                 264;              3046356
                 265;              3058968
                 266;              3097596
                 267;              3090444
                 268;              3085820
                 269;              4458700
                 270;              3085032
                 271;              3250896
                 272;              3063104
                 273;              3207480
                 274;              3093116
                 275;              6091800
                 276;              3060264
                 277;              3085476
                 278;              3319680
                 279;              3857368
                 280;              3228700
                 281;              3199092
                 282;              3058688
                 283;              3136920
                 284;              3016788
                 285;              3028348
                 286;              3171604
                 287;              3045340
                 288;              3051760
                 289;              3045300
                 290;              3057320
                 291;              3103556
                 292;              3090692
                 293;              3095760
                 294;              3096284
                 295;              3092908
                 296;              3094428
                 297;              3100296
                 298;              3039408
                 299;              3058648
                 300;              3059184
                 301;              3060872
                 302;              3055844
                 303;              3062412
                 304;              3058832
                 305;              3058372
                 306;              3137164
                 307;              3056192
                 308;              3046560
                 309;              3133336
                 310;              3054776
                 311;              3082580
                 312;              3163972
                 313;              3169252
                 314;              3079292
                 315;              3143168
                 316;              3075496
                 317;              3495336
                 318;              3053976
                 319;              3031944
                 320;              3310316
                 321;              3052020
                 322;              3062672
                 323;              4070072
                 324;              3057228
                 325;              3278828
                 326;              3087908
                 327;              3084696
                 328;              3146536
                 329;              3088264
                 330;              3169188
                 331;              8005192
                 332;              3201340
                 333;              3062472
                 334;              3739884
                 335;              3058788
                 336;              3268572
                 337;              3049388
                 338;              3058128
                 339;              3243128
                 340;              8220588
                 341;              3084916
                 342;              3547212
                 343;              3033032
                 344;              7819476
                 345;              3280804
                 346;              3009588
                 347;              3136520
                 348;              3272608
                 349;              3125672
                 350;              3280400
                 351;              3048048
                 352;              3046396
                 353;              3153288
                 354;              3049456
                 355;              3120240
                 356;              4584980
                 357;              3764352
                 358;              6171444
                 359;              3243592
