                   0;              7691508
                   1;              2905244
                   2;              2898596
                   3;              2910388
                   4;              2904820
                   5;              2908424
                   6;              2909448
                   7;              2887132
                   8;              2905608
                   9;              2899456
                  10;              2898516
                  11;              2895528
                  12;              2890608
                  13;              2893092
                  14;              2901936
                  15;              2898452
                  16;              2870120
                  17;              2874320
                  18;              2871636
                  19;              2868532
                  20;              2869480
                  21;              2872588
                  22;              2872640
                  23;              2869672
                  24;              2870920
                  25;              2945148
                  26;              2903416
                  27;              2935416
                  28;              2911552
                  29;              2932396
                  30;              2906688
                  31;              2902692
                  32;              2906444
                  33;              2900824
                  34;              2907060
                  35;              2895900
                  36;              2902484
                  37;              2898972
                  38;              2898996
                  39;              2869576
                  40;              2868432
                  41;              2899980
                  42;              2904116
                  43;              2903800
                  44;              2903144
                  45;              2901064
                  46;              2909076
                  47;              2896588
                  48;              2896324
                  49;              2863900
                  50;              2872336
                  51;              2868928
                  52;              2865508
                  53;              2900980
                  54;              2892504
                  55;              2900688
                  56;              2896400
                  57;              7675512
                  58;              2865560
                  59;              3033816
                  60;              2903396
                  61;              2904012
                  62;              2897516
                  63;              2925692
                  64;              2894864
                  65;              2903716
                  66;              2894608
                  67;              2895628
                  68;              2895172
                  69;              2869620
                  70;              2876652
                  71;              2869472
                  72;              2867432
                  73;              2898676
                  74;              2898144
                  75;              2866920
                  76;              2897908
                  77;              2867848
                  78;              2864340
                  79;              2868232
                  80;              2863708
                  81;              2863912
                  82;              2868592
                  83;              2866900
                  84;              2868844
                  85;              2900376
                  86;              2906820
                  87;              2950120
                  88;              2936224
                  89;              2924836
                  90;              2940296
                  91;              2895304
                  92;              2894556
                  93;              2899928
                  94;              2899112
                  95;              2938936
                  96;              2898512
                  97;              2900776
                  98;              2890768
                  99;              2902520
                 100;              2900696
                 101;              2896952
                 102;              2898884
                 103;              2893144
                 104;              2899532
                 105;              2898312
                 106;              2898196
                 107;              2873216
                 108;              2858672
                 109;              2874544
                 110;              2893356
                 111;              2893228
                 112;              2866188
                 113;              2867316
                 114;              2866808
                 115;              2867416
                 116;              2864304
                 117;              2867452
                 118;              2868156
                 119;              2861208
                 120;              2863164
                 121;              2897596
                 122;              2902396
                 123;              2890288
                 124;              2899992
                 125;              2896628
                 126;              2900216
                 127;              2933208
                 128;              2896780
                 129;              2905416
                 130;              2901328
                 131;              2900956
                 132;              2896524
                 133;              2897324
                 134;              2894012
                 135;              2899860
                 136;              2900300
                 137;              2897528
                 138;              2901124
                 139;              2933976
                 140;              2898940
                 141;              2926200
                 142;              2899692
                 143;              2905780
                 144;              2904728
                 145;              2895588
                 146;              2897324
                 147;              2901704
                 148;              2894192
                 149;              2895680
                 150;              2892084
                 151;              2867544
                 152;              2866620
                 153;              2895884
                 154;              2893584
                 155;              2868960
                 156;              2893148
                 157;              2893288
                 158;              2898048
                 159;              2871232
                 160;              2871320
                 161;              2868284
                 162;              2870152
                 163;              2864484
                 164;              2867504
                 165;              2896972
                 166;              2877780
                 167;              2869412
                 168;              2867748
                 169;              2871780
                 170;              2868144
                 171;              2866744
                 172;              2867236
                 173;              2902728
                 174;              2898840
                 175;              2899460
                 176;              2904664
                 177;              2899692
                 178;              2930620
                 179;              2927340
                 180;              2932492
                 181;              2901864
                 182;              2894588
                 183;              2898788
                 184;              2901228
                 185;              2896344
                 186;              2876848
                 187;              2891212
                 188;              2896936
                 189;              2889344
                 190;              2899972
                 191;              2898364
                 192;              2907176
                 193;              2905748
                 194;              2896908
                 195;              2892088
                 196;              2867528
                 197;              2867308
                 198;              2868236
                 199;              2864940
                 200;              2869456
                 201;              2902080
                 202;              2891680
                 203;              8218796
                 204;              2891260
                 205;              2832552
                 206;              2886840
                 207;              2898420
                 208;              2900932
                 209;              2899652
                 210;              2897136
                 211;              2894736
                 212;              2893088
                 213;              2903908
                 214;              2867648
                 215;              2865112
                 216;              2862408
                 217;              2871004
                 218;              2870720
                 219;              2870204
                 220;              2869152
                 221;              2869684
                 222;              2870092
                 223;              2870184
                 224;              2868652
                 225;              2863248
                 226;              2863000
                 227;              2868328
                 228;              2867312
                 229;              2870236
                 230;              2865980
                 231;              2861256
                 232;              2867404
                 233;              2860888
                 234;              2867516
                 235;              2942408
                 236;              2930660
                 237;              2939488
                 238;              2901264
                 239;              2895976
                 240;              2900712
                 241;              2892204
                 242;              2929488
                 243;              2900024
                 244;              2938036
                 245;              2897392
                 246;              2932832
                 247;              2917856
                 248;              2907200
                 249;              2908660
                 250;              3111220
                 251;              3266816
                 252;              2865308
                 253;              2855812
                 254;              2992564
                 255;              2892180
                 256;              2886344
                 257;              2988272
                 258;              2938252
                 259;              2893972
                 260;              2890520
                 261;              2959800
                 262;              2892624
                 263;              2901444
                 264;              2958728
                 265;              2881788
                 266;              2884160
                 267;              3176296
                 268;              2892420
                 269;              2866220
                 270;              2893784
                 271;              2965624
                 272;              2867228
                 273;              2842644
                 274;              2939620
                 275;              2888044
                 276;              2951196
                 277;              2897092
                 278;              2896288
                 279;              2923204
                 280;              3016300
                 281;              2893056
                 282;              3174024
                 283;              2896340
                 284;              2896588
                 285;              2991552
                 286;              2862988
                 287;              2865340
                 288;              2926588
                 289;              2865584
                 290;              2857012
                 291;              2941780
                 292;              2851108
                 293;              2858236
                 294;              2998792
                 295;              2931980
                 296;              2874944
                 297;              2988660
                 298;              2931804
                 299;              2918088
                 300;              2984440
                 301;              2898908
                 302;              2853616
                 303;              4542216
                 304;              3260700
                 305;              2850244
                 306;              2852420
                 307;              2936012
                 308;              2853504
                 309;              2898664
                 310;              2991996
                 311;              2862988
                 312;              2877320
                 313;              2920900
                 314;              2851256
                 315;              2974672
                 316;              5290384
                 317;              2989784
                 318;              7736700
                 319;              2874872
                 320;              2867412
                 321;              3372740
                 322;              2895676
                 323;              2888032
                 324;              2983424
                 325;              2920676
                 326;              3004220
                 327;              3435220
                 328;              2919884
                 329;              2958932
                 330;              2882332
                 331;              2895992
                 332;              2935508
                 333;              2890176
                 334;              2890224
                 335;              2931028
                 336;              2888376
                 337;              2986712
                 338;              2842024
                 339;              2900112
                 340;              2947228
                 341;              2894788
                 342;              2895260
                 343;              3023432
                 344;              2895864
                 345;              2890208
                 346;              3240492
                 347;              8078132
                 348;              2966980
                 349;              2889464
                 350;              3707872
                 351;              7736348
                 352;              2920984
                 353;              4013788
                 354;              2996300
                 355;              2899740
                 356;              2891952
                 357;              2904608
                 358;              2887728
                 359;              2894324
