                   0;              9185608
                   1;              2909228
                   2;              2900600
                   3;              2900056
                   4;              2898772
                   5;              2896184
                   6;              2870760
                   7;              2867068
                   8;              2939148
                   9;              2934652
                  10;              2931256
                  11;              2930784
                  12;              2931680
                  13;              2928128
                  14;              2941036
                  15;              2930976
                  16;              2938312
                  17;              2894356
                  18;              2905852
                  19;              2908628
                  20;              2900268
                  21;              2901712
                  22;              2896812
                  23;              2893088
                  24;              2888988
                  25;              2893212
                  26;              2894136
                  27;              2900948
                  28;              2866824
                  29;              2866196
                  30;              2868708
                  31;              2900900
                  32;              2868604
                  33;              2873860
                  34;              2899144
                  35;              2871368
                  36;              2867804
                  37;              2867548
                  38;              2870284
                  39;              2873304
                  40;              2901708
                  41;              2896112
                  42;              2868836
                  43;              2873600
                  44;              2892840
                  45;              2874196
                  46;              2867580
                  47;              2900140
                  48;              2911104
                  49;              2905072
                  50;              2905572
                  51;              2900752
                  52;              2889868
                  53;              2933812
                  54;              2935296
                  55;              2944880
                  56;              4378200
                  57;              2878984
                  58;              2877064
                  59;              2861908
                  60;              3382376
                  61;              2871400
                  62;              2871704
                  63;              2866652
                  64;              2868492
                  65;              2867608
                  66;              2868732
                  67;              2907040
                  68;              2902152
                  69;              2903592
                  70;              2900660
                  71;              2930492
                  72;              2984280
                  73;              2928532
                  74;              2902504
                  75;              2939308
                  76;              2931396
                  77;              2898032
                  78;              2872288
                  79;              2897356
                  80;              2895968
                  81;              2896932
                  82;              2901664
                  83;              2896668
                  84;              2897428
                  85;              2900752
                  86;              2900236
                  87;              2894788
                  88;              2869068
                  89;              2869152
                  90;              2889428
                  91;              2893596
                  92;              2866300
                  93;              2869664
                  94;              2867628
                  95;              2868896
                  96;              2866940
                  97;              2867704
                  98;              2869664
                  99;              2867984
                 100;              2872668
                 101;              2894724
                 102;              2893148
                 103;              2895464
                 104;              2898844
                 105;              2868032
                 106;              2901204
                 107;              2904048
                 108;              2940088
                 109;              2902708
                 110;              2905924
                 111;              2901616
                 112;              2892416
                 113;              2906088
                 114;              2898556
                 115;              2896568
                 116;              2907264
                 117;              2902732
                 118;              2900368
                 119;              2888776
                 120;              2896716
                 121;              2895408
                 122;              2898772
                 123;              2899684
                 124;              2895136
                 125;              2944176
                 126;              2899592
                 127;              2872924
                 128;              2885632
                 129;              2870556
                 130;              2866304
                 131;              2865116
                 132;              2866492
                 133;              2869780
                 134;              2863864
                 135;              2892524
                 136;              2892300
                 137;              2892180
                 138;              2867752
                 139;              2873868
                 140;              2893088
                 141;              2889492
                 142;              2872416
                 143;              2870028
                 144;              2865988
                 145;              2864776
                 146;              2863984
                 147;              2866896
                 148;              2872724
                 149;              2904652
                 150;              2934032
                 151;              2923072
                 152;              2936476
                 153;              2927576
                 154;              2928540
                 155;              2933404
                 156;              2968840
                 157;              2899240
                 158;              2902124
                 159;              2871840
                 160;              2865940
                 161;              2899184
                 162;              2898680
                 163;              2898776
                 164;              2896832
                 165;              2900644
                 166;              2894876
                 167;              2895988
                 168;              2894924
                 169;              2870492
                 170;              2864848
                 171;              2869544
                 172;              2900300
                 173;              2900724
                 174;              2902364
                 175;              2895452
                 176;              2898004
                 177;              2868228
                 178;              2867068
                 179;              2867276
                 180;              2873540
                 181;              2869720
                 182;              2865676
                 183;              2870268
                 184;              2869612
                 185;              2890724
                 186;              2898312
                 187;              2921140
                 188;              2933720
                 189;              2931560
                 190;              2927260
                 191;              2898456
                 192;              2932308
                 193;              2928332
                 194;              2938636
                 195;              2935556
                 196;              2904140
                 197;              2865432
                 198;              2901012
                 199;              2900420
                 200;              2904668
                 201;              2900600
                 202;              7305312
                 203;              2889716
                 204;              2955372
                 205;              2926292
                 206;              2941816
                 207;              2958604
                 208;              2950996
                 209;              3007504
                 210;              2918992
                 211;              2905896
                 212;              2923128
                 213;              2833616
                 214;              2891580
                 215;              2893132
                 216;              2886284
                 217;              2892552
                 218;              2890000
                 219;              2895568
                 220;              2896440
                 221;              2891480
                 222;              2892836
                 223;              2868156
                 224;              2871408
                 225;              2889452
                 226;              2895320
                 227;              2896228
                 228;              2870988
                 229;              2865928
                 230;              2865984
                 231;              2864468
                 232;              2867448
                 233;              2860260
                 234;              2867648
                 235;              2868624
                 236;              2866956
                 237;              2866340
                 238;              2871308
                 239;              2896076
                 240;              2895908
                 241;              2924592
                 242;              2899296
                 243;              2935084
                 244;              2898320
                 245;              2898292
                 246;              2899548
                 247;              2904132
                 248;              2892800
                 249;              2904524
                 250;              3111564
                 251;              3162096
                 252;              2911136
                 253;              2895736
                 254;              3056176
                 255;              3006400
                 256;              2878124
                 257;              3034568
                 258;              3011816
                 259;              2874188
                 260;              2910220
                 261;              2946136
                 262;              2871528
                 263;              2874424
                 264;              2962628
                 265;              2877320
                 266;              2863128
                 267;              2865592
                 268;              2884856
                 269;              2865252
                 270;              2859976
                 271;              2863912
                 272;              2866076
                 273;              2867184
                 274;              2864908
                 275;              2896864
                 276;              2896804
                 277;              2885612
                 278;              3016260
                 279;              2980176
                 280;              2893680
                 281;              3012108
                 282;              2965428
                 283;              2880000
                 284;              3007156
                 285;              8252060
                 286;              2952148
                 287;              2862740
                 288;              2863560
                 289;              2994000
                 290;              2901224
                 291;              2893416
                 292;              2992468
                 293;              2882096
                 294;              2884688
                 295;              2983336
                 296;              2879496
                 297;              2926136
                 298;              3018740
                 299;              2933820
                 300;              2913264
                 301;              2870840
                 302;              2896064
                 303;              2899236
                 304;              2877212
                 305;              2899572
                 306;              2902768
                 307;              2898368
                 308;              2892532
                 309;              8784624
                 310;              2916800
                 311;              2877892
                 312;              2997732
                 313;              2985604
                 314;              2923200
                 315;              3807052
                 316;              2967772
                 317;              2870032
                 318;              3058308
                 319;              3010684
                 320;              2889372
                 321;              2892024
                 322;              2896996
                 323;              2895708
                 324;              2971732
                 325;              2864812
                 326;              2884572
                 327;              2940700
                 328;              7061304
                 329;              7786648
                 330;              2890492
                 331;              2892040
                 332;              3000752
                 333;              5768464
                 334;              3097480
                 335;              2903328
                 336;              2895932
                 337;              3346168
                 338;              2866072
                 339;              3059724
                 340;              2897600
                 341;              2867492
                 342;              2981752
                 343;              2895744
                 344;              2867264
                 345;              6385684
                 346;              3014116
                 347;              2899512
                 348;              2894928
                 349;              3016280
                 350;              2875004
                 351;              2855876
                 352;              3037748
                 353;              2883688
                 354;              2893420
                 355;              3067892
                 356;              2985580
                 357;              2895604
                 358;              2897320
                 359;              2883124
