                   0;              4662444
                   1;              4646424
                   2;              4658148
                   3;              4653732
                   4;              4647444
                   5;              4649180
                   6;              4749492
                   7;              4703448
                   8;              4699300
                   9;              4882504
                  10;              4701480
                  11;              4701592
                  12;              4703692
                  13;              4700244
                  14;              4643200
                  15;              4657504
                  16;              4657220
                  17;              4648444
                  18;              4643132
                  19;              4645716
                  20;              4658404
                  21;              4649420
                  22;              4644284
                  23;              4647656
                  24;              4714648
                  25;              4691652
                  26;              4691020
                  27;              4720384
                  28;              4685728
                  29;              4686248
                  30;              4686320
                  31;              4687140
                  32;              4680332
                  33;              4681188
                  34;              4645248
                  35;              4655588
                  36;              4651612
                  37;              4646016
                  38;              4655304
                  39;              4653264
                  40;              4655680
                  41;              4652068
                  42;              4651252
                  43;              4647184
                  44;              4645148
                  45;              4682240
                  46;              4686436
                  47;              4691248
                  48;              4684524
                  49;              4692780
                  50;              4701868
                  51;              4687076
                  52;              4773944
                  53;              4753276
                  54;              4647732
                  55;              4649648
                  56;              4656660
                  57;              4704808
                  58;              4651696
                  59;              4736672
                  60;              4701588
                  61;              4694132
                  62;              4691548
                  63;              4694848
                  64;              4694384
                  65;              4694920
                  66;              4694228
                  67;              4692136
                  68;              4687048
                  69;              4646116
                  70;              4647044
                  71;              4650540
                  72;              4645592
                  73;              4650952
                  74;              4643744
                  75;              4646432
                  76;              4648176
                  77;              4650260
                  78;              4646864
                  79;              4646900
                  80;              4696520
                  81;              4683644
                  82;              4688192
                  83;              4688152
                  84;              4689976
                  85;              4680864
                  86;              4728108
                  87;              4684060
                  88;              4687644
                  89;              4683340
                  90;              4677288
                  91;              4683468
                  92;              4655020
                  93;              4650512
                  94;              4648264
                  95;              4646396
                  96;              4651456
                  97;              4641688
                  98;              4649272
                  99;              4648052
                 100;              4646396
                 101;              4644856
                 102;              4644064
                 103;              4642380
                 104;              4690732
                 105;              4692560
                 106;              4692524
                 107;              4694184
                 108;              4688028
                 109;              4695796
                 110;              4681216
                 111;              4703920
                 112;              4690156
                 113;              4686516
                 114;              4687220
                 115;              4644816
                 116;              4652228
                 117;              4656592
                 118;              4652476
                 119;              4652196
                 120;              4648212
                 121;              4655908
                 122;              4646032
                 123;              4655224
                 124;              4651816
                 125;              4645372
                 126;              4644548
                 127;              4688488
                 128;              4683020
                 129;              4685492
                 130;              4686164
                 131;              4688400
                 132;              4707976
                 133;              4697640
                 134;              4691192
                 135;              4684040
                 136;              4682392
                 137;              4674708
                 138;              4649128
                 139;              4654032
                 140;              4650136
                 141;              4663876
                 142;              4655448
                 143;              4645388
                 144;              4645236
                 145;              4647444
                 146;              4642956
                 147;              4654576
                 148;              4645120
                 149;              4692040
                 150;              4692752
                 151;              4686144
                 152;              4682384
                 153;              4696632
                 154;              4679248
                 155;              4693008
                 156;              4692504
                 157;              4682768
                 158;              4678132
                 159;              4686336
                 160;              4641304
                 161;              4649400
                 162;              4650868
                 163;              4655888
                 164;              4655552
                 165;              4653324
                 166;              4640712
                 167;              4645148
                 168;              4646440
                 169;              4643620
                 170;              4646756
                 171;              4641376
                 172;              4694000
                 173;              4691276
                 174;              4683200
                 175;              4687308
                 176;              4685632
                 177;              4691124
                 178;              4681632
                 179;              4684272
                 180;              4683768
                 181;              4682676
                 182;              4679144
                 183;              4685116
                 184;              4648740
                 185;              4659108
                 186;              4642864
                 187;              4650792
                 188;              4646796
                 189;              4647796
                 190;              4658024
                 191;              4650912
                 192;              4654152
                 193;              4648060
                 194;              4655264
                 195;              5171680
                 196;              4715804
                 197;              4699676
                 198;              4691924
                 199;              4692336
                 200;              4680688
                 201;              4642468
                 202;              4654876
                 203;              4658624
                 204;              4648200
                 205;              4647536
                 206;              4645124
                 207;              4645628
                 208;              4646516
                 209;              4651328
                 210;              4657112
                 211;              4704660
                 212;              4689580
                 213;              4692908
                 214;              4686064
                 215;              4687140
                 216;              4756256
                 217;              4686000
                 218;              4682420
                 219;              4691140
                 220;              4688696
                 221;              4649664
                 222;              4656540
                 223;              4653868
                 224;              4646076
                 225;              4648444
                 226;              4653952
                 227;              4644964
                 228;              4652104
                 229;              4649492
                 230;              4644568
                 231;              4647232
                 232;              4704192
                 233;              4694000
                 234;              4688544
                 235;              4684564
                 236;              4685176
                 237;              4693516
                 238;              4686068
                 239;              4690168
                 240;              4678736
                 241;              4686528
                 242;              4683744
                 243;              4646824
                 244;              4647244
                 245;              4655152
                 246;              4649948
                 247;              4648212
                 248;              4646492
                 249;              4640380
                 250;              4716484
                 251;              4745848
                 252;              4752824
                 253;              4763644
                 254;              4781436
                 255;              4712788
                 256;              4721132
                 257;              4757372
                 258;              4681652
                 259;              4659324
                 260;              4708044
                 261;              4705608
                 262;              4655568
                 263;              4654240
                 264;              4713224
                 265;              4649648
                 266;              4667076
                 267;              4861292
                 268;              4686104
                 269;              4710336
                 270;              4801992
                 271;              4677480
                 272;              4681324
                 273;              4677100
                 274;              4692864
                 275;              4693660
                 276;              4651524
                 277;              4649908
                 278;              4650596
                 279;              4645492
                 280;              4649712
                 281;              4648876
                 282;              4649000
                 283;              4652544
                 284;              4646872
                 285;              4644500
                 286;              4642404
                 287;              4647788
                 288;              4690328
                 289;              4689540
                 290;              4683668
                 291;              4680164
                 292;              4698568
                 293;              4687516
                 294;              4695872
                 295;              4684144
                 296;              4685812
                 297;              4689820
                 298;              4684628
                 299;              4648080
                 300;              4650384
                 301;              4658388
                 302;              4649232
                 303;              4645716
                 304;              4643824
                 305;              4650192
                 306;              4652556
                 307;              4650136
                 308;              4650968
                 309;              4642968
                 310;              4644848
                 311;              4684956
                 312;              4682288
                 313;              4689944
                 314;              4692312
                 315;              4680308
                 316;              4681676
                 317;              4681912
                 318;              4681576
                 319;              4688636
                 320;              6001492
                 321;              7400400
                 322;              4920172
                 323;              4695044
                 324;              5231768
                 325;              4680696
                 326;              4684556
                 327;              4676720
                 328;              4699864
                 329;              4696732
                 330;              4695548
                 331;              4709036
                 332;              4683228
                 333;              4691136
                 334;              4701236
                 335;              4685804
                 336;              4645092
                 337;              4796200
                 338;              4762368
                 339;              4653268
                 340;              4722284
                 341;              4652788
                 342;              4700604
                 343;              4735436
                 344;              4706424
                 345;              4705920
                 346;              4720548
                 347;              4677828
                 348;              4751192
                 349;              4727360
                 350;              4679236
                 351;              4700704
                 352;              4677576
                 353;              4649520
                 354;              4711976
                 355;              4683340
                 356;              4656240
                 357;              4708060
                 358;              4682720
                 359;              4655728
