                   0;              3088640
                   1;              4553664
                   2;              3072352
                   3;              3070700
                   4;              3007724
                   5;              2995500
                   6;              2997816
                   7;              3005180
                   8;              2998288
                   9;              2982792
                  10;              3057760
                  11;              3054408
                  12;              2995976
                  13;              2994864
                  14;              2988832
                  15;              2999728
                  16;              2998268
                  17;              2987804
                  18;              3055084
                  19;              3035744
                  20;              2993984
                  21;              2999320
                  22;              2995400
                  23;              2997088
                  24;              2994312
                  25;              3049584
                  26;              3055276
                  27;              3061816
                  28;              2997396
                  29;              3000856
                  30;              2999224
                  31;              3003284
                  32;              2992844
                  33;              3042260
                  34;              3044592
                  35;              2997644
                  36;              2997276
                  37;              2994496
                  38;              2995628
                  39;              2998168
                  40;              2987404
                  41;              3037004
                  42;              3036600
                  43;              2996480
                  44;              2994780
                  45;              2992496
                  46;              2994280
                  47;              3001676
                  48;              3038156
                  49;              3043040
                  50;              3043108
                  51;              2995884
                  52;              2996672
                  53;              2994152
                  54;              2996092
                  55;              3002192
                  56;              3049340
                  57;              3048016
                  58;              3046816
                  59;              2996352
                  60;              3002876
                  61;              2995884
                  62;              3001452
                  63;              2993088
                  64;              3053012
                  65;              3040128
                  66;              2995684
                  67;              2985156
                  68;              2998500
                  69;              3004608
                  70;              3003908
                  71;              2997516
                  72;              3011580
                  73;              3002804
                  74;              3061096
                  75;              3044812
                  76;              3037216
                  77;              3001980
                  78;              2997452
                  79;              2997732
                  80;              3000124
                  81;              2986036
                  82;              3043508
                  83;              3037380
                  84;              2986312
                  85;              2993072
                  86;              2991884
                  87;              2995928
                  88;              2992732
                  89;              3033804
                  90;              3047304
                  91;              3050024
                  92;              2992628
                  93;              2991828
                  94;              2995380
                  95;              2990212
                  96;              2995512
                  97;              3040600
                  98;              3044772
                  99;              3049336
                 100;              2994176
                 101;              2993152
                 102;              2989956
                 103;              2999632
                 104;              2994048
                 105;              3041680
                 106;              3041232
                 107;              2999116
                 108;              2989260
                 109;              2998604
                 110;              2987468
                 111;              3000324
                 112;              2989740
                 113;              3040472
                 114;              3032608
                 115;              2993216
                 116;              2996840
                 117;              2995056
                 118;              2991796
                 119;              2994440
                 120;              3039372
                 121;              3042732
                 122;              2997668
                 123;              2993704
                 124;              2993108
                 125;              2994708
                 126;              2991584
                 127;              2978728
                 128;              3045332
                 129;              3041644
                 130;              2995048
                 131;              2992896
                 132;              2992428
                 133;              3004828
                 134;              2995936
                 135;              3039784
                 136;              3036272
                 137;              3067528
                 138;              2997580
                 139;              2992264
                 140;              2990764
                 141;              2997148
                 142;              2992804
                 143;              3051176
                 144;              3046276
                 145;              2997088
                 146;              2995692
                 147;              2999336
                 148;              2997448
                 149;              2994740
                 150;              2990268
                 151;              3032424
                 152;              3042444
                 153;              3001768
                 154;              2997996
                 155;              2995308
                 156;              2991332
                 157;              3000024
                 158;              3050280
                 159;              3046056
                 160;              3040800
                 161;              2989772
                 162;              2997936
                 163;              2990140
                 164;              2990156
                 165;              2984716
                 166;              3040376
                 167;              3042380
                 168;              2989276
                 169;              2989728
                 170;              2998752
                 171;              2995372
                 172;              2998144
                 173;              3029584
                 174;              3051736
                 175;              3045808
                 176;              2989420
                 177;              2989688
                 178;              3000244
                 179;              2996408
                 180;              2998744
                 181;              3034988
                 182;              3034280
                 183;              3036644
                 184;              3001032
                 185;              2995992
                 186;              2993368
                 187;              2994800
                 188;              2990816
                 189;              3044808
                 190;              3048824
                 191;              2994840
                 192;              2987972
                 193;              3004480
                 194;              2992044
                 195;              2995820
                 196;              3028020
                 197;              3037804
                 198;              3047520
                 199;              2985476
                 200;              2993744
                 201;              2995040
                 202;              2992604
                 203;              3033216
                 204;              3038472
                 205;              3039640
                 206;              3059396
                 207;              2999568
                 208;              2993568
                 209;              2998132
                 210;              2989248
                 211;              2991872
                 212;              3038800
                 213;              3045600
                 214;              2995392
                 215;              2996956
                 216;              2989788
                 217;              2997816
                 218;              2991464
                 219;              3030892
                 220;              3041464
                 221;              3043708
                 222;              2997120
                 223;              2985540
                 224;              2995616
                 225;              2991952
                 226;              2996544
                 227;              3037596
                 228;              3054024
                 229;              2996556
                 230;              2989652
                 231;              2988640
                 232;              2997904
                 233;              2998588
                 234;              2987736
                 235;              3041884
                 236;              3043692
                 237;              2996436
                 238;              2995632
                 239;              2995556
                 240;              3295944
                 241;              3023040
                 242;              2998152
                 243;              2997808
                 244;              3065768
                 245;              3064496
                 246;              3056292
                 247;              2991780
                 248;              3004700
                 249;              3060100
                 250;              3129840
                 251;              3115196
                 252;              3787520
                 253;              3068356
                 254;              3098244
                 255;              3127884
                 256;              3114656
                 257;              3089248
                 258;              2989092
                 259;              3025008
                 260;              3005656
                 261;              3024452
                 262;              3037816
                 263;              3055080
                 264;              3121872
                 265;              3075160
                 266;              3033456
                 267;              3029004
                 268;              2992940
                 269;              3025044
                 270;              2998344
                 271;              3055300
                 272;              3057464
                 273;              3095516
                 274;              3000456
                 275;              3004044
                 276;              3006140
                 277;              2995196
                 278;              3008832
                 279;              3001900
                 280;              3054872
                 281;              3221728
                 282;              3035828
                 283;              2995236
                 284;              3006812
                 285;              3007692
                 286;              2995904
                 287;              3003824
                 288;              2993856
                 289;              3219300
                 290;              3030440
                 291;              3033004
                 292;              3005284
                 293;              2999908
                 294;              3000388
                 295;              3004764
                 296;              3004560
                 297;              3420404
                 298;              3057892
                 299;              3073728
                 300;              3000304
                 301;              2996584
                 302;              2996916
                 303;              2997416
                 304;              2999524
                 305;              2996172
                 306;              3072288
                 307;              3053928
                 308;              3032960
                 309;              2996752
                 310;              3003232
                 311;              3003380
                 312;              3005536
                 313;              2996428
                 314;              3041584
                 315;              3084216
                 316;              3047008
                 317;              2981184
                 318;              3001012
                 319;              3006608
                 320;              2996908
                 321;              2999720
                 322;              3030628
                 323;              3045788
                 324;              3077840
                 325;              3003404
                 326;              2991864
                 327;              2999048
                 328;              3003288
                 329;              3001880
                 330;              2988784
                 331;              3039608
                 332;              3059236
                 333;              3086084
                 334;              3005832
                 335;              2988852
                 336;              2988520
                 337;              2999112
                 338;              3000200
                 339;              3039088
                 340;              3048384
                 341;              3047024
                 342;              3048312
                 343;              3014124
                 344;              3030380
                 345;              2999232
                 346;              3009428
                 347;              3066108
                 348;              3047464
                 349;              3048996
                 350;              3010840
                 351;              3048468
                 352;              3004708
                 353;              3034556
                 354;              3004284
                 355;              3011424
                 356;              3173032
                 357;              3051808
                 358;              2994336
                 359;              2997100
