                   0;              6483584
                   1;              3228080
                   2;              3229188
                   3;              3232284
                   4;              3230656
                   5;              3229000
                   6;              3271852
                   7;              3223968
                   8;              3227584
                   9;              3194628
                  10;              3294292
                  11;              3250276
                  12;              3286504
                  13;              3251824
                  14;              3254812
                  15;              3214120
                  16;              3229168
                  17;              3226120
                  18;              3226040
                  19;              3227288
                  20;              3220776
                  21;              3221032
                  22;              3220660
                  23;              3215168
                  24;              3197368
                  25;              3218844
                  26;              3252132
                  27;              3225080
                  28;              3218288
                  29;              3245420
                  30;              3257464
                  31;              3199248
                  32;              3188032
                  33;              3194868
                  34;              3218744
                  35;              3221488
                  36;              3217936
                  37;              3213260
                  38;              3219472
                  39;              3215988
                  40;              3194000
                  41;              3221028
                  42;              3190224
                  43;              3226076
                  44;              3252888
                  45;              3245412
                  46;              3221296
                  47;              3225692
                  48;              3223768
                  49;              3193236
                  50;              3222012
                  51;              3232220
                  52;              3226716
                  53;              3217244
                  54;              3217212
                  55;              6781484
                  56;              3294168
                  57;              3221208
                  58;              3500148
                  59;              4200860
                  60;              3218892
                  61;              3220876
                  62;              3219340
                  63;              3217216
                  64;              3220500
                  65;              3255780
                  66;              3258728
                  67;              3258672
                  68;              3254532
                  69;              3256424
                  70;              3194788
                  71;              3226136
                  72;              3227780
                  73;              3223556
                  74;              3226284
                  75;              3220916
                  76;              3220000
                  77;              3213988
                  78;              3215992
                  79;              3193164
                  80;              3189296
                  81;              3191332
                  82;              3224832
                  83;              3224232
                  84;              3221016
                  85;              3251428
                  86;              3225984
                  87;              3192740
                  88;              3226600
                  89;              3219744
                  90;              3247904
                  91;              3217684
                  92;              3214172
                  93;              3219876
                  94;              3217428
                  95;              3220548
                  96;              3192228
                  97;              3189184
                  98;              3195600
                  99;              3223928
                 100;              3222712
                 101;              3224660
                 102;              3220636
                 103;              3229904
                 104;              3221616
                 105;              3187104
                 106;              3225712
                 107;              3224188
                 108;              3222912
                 109;              3229468
                 110;              3230288
                 111;              3216668
                 112;              3213848
                 113;              3227672
                 114;              3192680
                 115;              3191840
                 116;              3199772
                 117;              3223176
                 118;              3223984
                 119;              3217672
                 120;              3220792
                 121;              3222252
                 122;              3228048
                 123;              3192792
                 124;              3215808
                 125;              3224944
                 126;              3224848
                 127;              3222416
                 128;              3223928
                 129;              3231620
                 130;              3219348
                 131;              3198128
                 132;              3193544
                 133;              3190484
                 134;              3192076
                 135;              3241032
                 136;              3226832
                 137;              3219696
                 138;              3215696
                 139;              3296204
                 140;              3230604
                 141;              3191332
                 142;              3210512
                 143;              3408072
                 144;              3217332
                 145;              3218288
                 146;              3221508
                 147;              3213544
                 148;              3212588
                 149;              3194120
                 150;              3193972
                 151;              3192696
                 152;              3224372
                 153;              3226440
                 154;              3225872
                 155;              3250552
                 156;              3257396
                 157;              3258268
                 158;              3193704
                 159;              3222384
                 160;              3224536
                 161;              3222612
                 162;              3218196
                 163;              3220624
                 164;              3222156
                 165;              3217576
                 166;              3216708
                 167;              3217520
                 168;              3188088
                 169;              3224944
                 170;              3218172
                 171;              3249316
                 172;              3259936
                 173;              3224620
                 174;              3227608
                 175;              3192648
                 176;              3227312
                 177;              3225780
                 178;              3219964
                 179;              3223540
                 180;              3217908
                 181;              3217308
                 182;              3226660
                 183;              3218000
                 184;              3201724
                 185;              3196440
                 186;              3230188
                 187;              3223884
                 188;              3254692
                 189;              3223520
                 190;              3223472
                 191;              3226944
                 192;              3191376
                 193;              3227188
                 194;              3223472
                 195;              3215308
                 196;              8553972
                 197;              3266196
                 198;              3227264
                 199;              3224792
                 200;              3214088
                 201;              3216888
                 202;              3219580
                 203;              6071552
                 204;              3257052
                 205;              3254708
                 206;              3252644
                 207;              3258956
                 208;              3202892
                 209;              3217316
                 210;              3222248
                 211;              3227844
                 212;              3216352
                 213;              3214616
                 214;              3216860
                 215;              3218672
                 216;              3219120
                 217;              3221032
                 218;              3192348
                 219;              3186436
                 220;              3184952
                 221;              3236308
                 222;              3354008
                 223;              4190856
                 224;              3232148
                 225;              3191008
                 226;              3195308
                 227;              3196688
                 228;              3193788
                 229;              3194428
                 230;              3191744
                 231;              3196104
                 232;              3189256
                 233;              3196500
                 234;              3192348
                 235;              3193804
                 236;              3197468
                 237;              3256640
                 238;              3239276
                 239;              3241528
                 240;              3222536
                 241;              3221812
                 242;              3221276
                 243;              3191736
                 244;              3223716
                 245;              3217160
                 246;              3219744
                 247;              3221688
                 248;              3221652
                 249;              3219312
                 250;              3483784
                 251;              3670432
                 252;              5097460
                 253;              3491328
                 254;              3208964
                 255;              3196008
                 256;              3471104
                 257;              3207620
                 258;              3427872
                 259;              3283320
                 260;              3193516
                 261;              3434408
                 262;              3211708
                 263;              3190268
                 264;              3353160
                 265;              3225912
                 266;              3215464
                 267;              3236240
                 268;              3226864
                 269;              3184248
                 270;              3221544
                 271;              3220388
                 272;              3213580
                 273;              3224684
                 274;              3225336
                 275;              3227344
                 276;              3226920
                 277;              3189852
                 278;              3194860
                 279;              3195808
                 280;              3231124
                 281;              3225760
                 282;              3219720
                 283;              3210048
                 284;              3210164
                 285;              3210500
                 286;              3180088
                 287;              3223836
                 288;              3226316
                 289;              3217368
                 290;              3221600
                 291;              3227292
                 292;              3218504
                 293;              3426604
                 294;              3212872
                 295;              3377908
                 296;              3206096
                 297;              3233284
                 298;              3503596
                 299;              3253124
                 300;              3208352
                 301;              3588448
                 302;              3217460
                 303;              3542140
                 304;              3216816
                 305;              3224056
                 306;              3471416
                 307;              3214112
                 308;              3441008
                 309;              3444720
                 310;              3235728
                 311;              3472284
                 312;              3251748
                 313;              3221192
                 314;              3220968
                 315;              3491172
                 316;              3228388
                 317;              3205908
                 318;              3327488
                 319;              4038856
                 320;              3220168
                 321;              3449924
                 322;              5524828
                 323;              3373556
                 324;              3301812
                 325;              3666952
                 326;              3198272
                 327;              3197184
                 328;              3427192
                 329;              3219784
                 330;              3263712
                 331;              4108456
                 332;              3449000
                 333;              3387380
                 334;              3204156
                 335;              3358360
                 336;              8505576
                 337;              3255556
                 338;              3725740
                 339;              3284576
                 340;              4818940
                 341;              3865592
                 342;              3202216
                 343;              3390536
                 344;              3190688
                 345;              3223328
                 346;              3481908
                 347;              3243660
                 348;              3475644
                 349;              3239128
                 350;              3255380
                 351;              3881396
                 352;              3220916
                 353;              3303580
                 354;              3463776
                 355;              3223760
                 356;              3418476
                 357;              3268220
                 358;              3193624
                 359;              3523128
