                   0;              6727632
                   1;              5605416
                   2;              8030808
                   3;              5651496
                   4;              5557572
                   5;              5568816
                   6;              5571484
                   7;              5629684
                   8;              5674964
                   9;              5612856
                  10;              5613884
                  11;              5570932
                  12;              5570548
                  13;              5568512
                  14;              5624880
                  15;              5673072
                  16;              5605856
                  17;              5599480
                  18;              5568776
                  19;              5569520
                  20;              5565792
                  21;              5631368
                  22;              5605224
                  23;              5602792
                  24;              5599920
                  25;              5569884
                  26;              5568576
                  27;              5563756
                  28;              5604728
                  29;              5600952
                  30;              5604104
                  31;              5604380
                  32;              5563456
                  33;              5568752
                  34;              5568072
                  35;              5603788
                  36;              5607476
                  37;              5601000
                  38;              5603344
                  39;              5602812
                  40;              5570712
                  41;              5566196
                  42;              5563916
                  43;              5603292
                  44;              5601368
                  45;              5610108
                  46;              5600872
                  47;              5568972
                  48;              5568004
                  49;              5566440
                  50;              5606816
                  51;              5602948
                  52;              5606864
                  53;              5612296
                  54;              6204012
                  55;              5572996
                  56;              5608080
                  57;              5605152
                  58;              5650676
                  59;              5604852
                  60;              5620900
                  61;              5563604
                  62;              5563144
                  63;              5601112
                  64;              5609240
                  65;              5607720
                  66;              5598216
                  67;              5571464
                  68;              5566236
                  69;              5571352
                  70;              5607520
                  71;              5607120
                  72;              5605560
                  73;              5601956
                  74;              5573836
                  75;              5566012
                  76;              5565368
                  77;              5609616
                  78;              5602172
                  79;              5607876
                  80;              5610860
                  81;              5565452
                  82;              5566024
                  83;              5564260
                  84;              5606172
                  85;              5606184
                  86;              5604684
                  87;              5601360
                  88;              5563740
                  89;              5568064
                  90;              5567020
                  91;              5567856
                  92;              5608464
                  93;              5604068
                  94;              5603408
                  95;              5601976
                  96;              5573368
                  97;              5565844
                  98;              5564500
                  99;              5615844
                 100;              5610872
                 101;              5602028
                 102;              5604624
                 103;              5570232
                 104;              5567288
                 105;              5565704
                 106;              5604356
                 107;              5608444
                 108;              5610480
                 109;              5612972
                 110;              5568732
                 111;              5565152
                 112;              5566436
                 113;              6450516
                 114;              5602832
                 115;              5603688
                 116;              5606884
                 117;              5571640
                 118;              5565848
                 119;              5566552
                 120;              5602104
                 121;              5605580
                 122;              5600144
                 123;              5607136
                 124;              5574260
                 125;              5568292
                 126;              5566392
                 127;              5599756
                 128;              5601820
                 129;              5604132
                 130;              5599876
                 131;              5568452
                 132;              5569712
                 133;              5567600
                 134;              5600900
                 135;              5598600
                 136;              5600984
                 137;              5607100
                 138;              5569524
                 139;              5568656
                 140;              5563304
                 141;              5600772
                 142;              5604036
                 143;              5604268
                 144;              5599516
                 145;              5563284
                 146;              5563100
                 147;              5564040
                 148;              5598264
                 149;              5602648
                 150;              5599364
                 151;              5597396
                 152;              5600140
                 153;              5568684
                 154;              5564880
                 155;              5567040
                 156;              5608800
                 157;              5634628
                 158;              5607104
                 159;              5602800
                 160;              5572320
                 161;              5564584
                 162;              5567460
                 163;              5605016
                 164;              5611920
                 165;              5616292
                 166;              5599988
                 167;              5570576
                 168;              5564712
                 169;              5567200
                 170;              5604928
                 171;              5604140
                 172;              5600956
                 173;              5604464
                 174;              5569004
                 175;              5570668
                 176;              5565364
                 177;              5602740
                 178;              5601996
                 179;              5601540
                 180;              5602804
                 181;              5595248
                 182;              5566780
                 183;              5569172
                 184;              5607020
                 185;              5603668
                 186;              5603120
                 187;              5570828
                 188;              5754680
                 189;              5626252
                 190;              5715604
                 191;              5608052
                 192;              5604832
                 193;              5571076
                 194;              5565884
                 195;              5568332
                 196;              5619944
                 197;              5605208
                 198;              5607268
                 199;              5596396
                 200;              5570552
                 201;              5574788
                 202;              5564164
                 203;              5602840
                 204;              5642628
                 205;              5606688
                 206;              5601880
                 207;              5567276
                 208;              5566664
                 209;              5568976
                 210;              5604768
                 211;              5604080
                 212;              5600656
                 213;              5607260
                 214;              5601696
                 215;              5564688
                 216;              5567816
                 217;              5564592
                 218;              5648448
                 219;              5602344
                 220;              5610520
                 221;              5630724
                 222;              5572732
                 223;              5569340
                 224;              5566708
                 225;              5606768
                 226;              5602664
                 227;              5599960
                 228;              5602464
                 229;              5569372
                 230;              5564040
                 231;              5566332
                 232;              5606208
                 233;              5604636
                 234;              5596804
                 235;              5603720
                 236;              5568904
                 237;              5566796
                 238;              5564296
                 239;              5596084
                 240;              5604916
                 241;              5602148
                 242;              5596452
                 243;              5601388
                 244;              5566996
                 245;              5565540
                 246;              5566208
                 247;              5602472
                 248;              5603804
                 249;              5613324
                 250;              5607472
                 251;              5575192
                 252;              5583284
                 253;              5575688
                 254;              5615032
                 255;              5595528
                 256;              5591684
                 257;              5612408
                 258;              5571420
                 259;              5569572
                 260;              5585120
                 261;              5602524
                 262;              5599176
                 263;              5612500
                 264;              5599124
                 265;              5574272
                 266;              5586340
                 267;              5565896
                 268;              5601448
                 269;              5596248
                 270;              5603504
                 271;              5613384
                 272;              5567268
                 273;              5572388
                 274;              5585820
                 275;              5602592
                 276;              5599492
                 277;              5613020
                 278;              5596976
                 279;              5571500
                 280;              5584348
                 281;              5575632
                 282;              5597960
                 283;              5605484
                 284;              5597820
                 285;              5592648
                 286;              5578088
                 287;              5567536
                 288;              5572236
                 289;              5599360
                 290;              5606988
                 291;              5611572
                 292;              5598832
                 293;              5592388
                 294;              5586504
                 295;              5572204
                 296;              5600768
                 297;              5606440
                 298;              5598324
                 299;              5601324
                 300;              5610768
                 301;              5571256
                 302;              5569228
                 303;              5611632
                 304;              5600024
                 305;              5596492
                 306;              5613544
                 307;              5593436
                 308;              5573444
                 309;              5588996
                 310;              5600444
                 311;              5595676
                 312;              5613932
                 313;              5589092
                 314;              5566756
                 315;              5569252
                 316;              5574196
                 317;              5956608
                 318;              5730364
                 319;              5642904
                 320;              5614916
                 321;              5611680
                 322;              5570056
                 323;              5703928
                 324;              5598260
                 325;              5652880
                 326;              5632592
                 327;              5611148
                 328;              5601300
                 329;              5620316
                 330;              5710748
                 331;              5601536
                 332;              5654168
                 333;              5567696
                 334;              5603668
                 335;              5578316
                 336;              5640840
                 337;              5629408
                 338;              5649256
                 339;              5644516
                 340;              5592780
                 341;              5617496
                 342;              5573472
                 343;              5641964
                 344;              5608056
                 345;              5635072
                 346;              5593316
                 347;              5628836
                 348;              5600980
                 349;              5642804
                 350;              5640672
                 351;              5609644
                 352;              5633756
                 353;              5575028
                 354;              5608304
                 355;              5591472
                 356;              5640180
                 357;              5606356
                 358;              5743612
                 359;              5584904
