                   0;               694140
                   1;               621092
                   2;               614768
                   3;               775280
                   4;               606924
                   5;               664420
                   6;               588088
                   7;               621188
                   8;               603620
                   9;               597820
                  10;               600920
                  11;               595548
                  12;               597484
                  13;               598040
                  14;               597356
                  15;               595456
                  16;               594268
                  17;               595796
                  18;               598032
                  19;               580120
                  20;               593440
                  21;               597464
                  22;               595916
                  23;               589248
                  24;               591332
                  25;               593564
                  26;               597276
                  27;               595872
                  28;               593180
                  29;               596460
                  30;               593608
                  31;               591540
                  32;               597752
                  33;               597572
                  34;               591920
                  35;               595740
                  36;               590132
                  37;               591020
                  38;               597116
                  39;               582264
                  40;               592200
                  41;               594704
                  42;               596236
                  43;               588568
                  44;               594516
                  45;               598716
                  46;               590208
                  47;               594056
                  48;               592308
                  49;               596476
                  50;               597608
                  51;               599380
                  52;               600736
                  53;               596240
                  54;               597172
                  55;               596984
                  56;               632536
                  57;               598892
                  58;               601012
                  59;               576896
                  60;               593260
                  61;               601896
                  62;               595356
                  63;               589640
                  64;               633428
                  65;               596576
                  66;               594528
                  67;               589832
                  68;               593740
                  69;               594504
                  70;               587716
                  71;               597192
                  72;               597108
                  73;               597076
                  74;               596556
                  75;               592656
                  76;               595712
                  77;               631264
                  78;               595980
                  79;               593340
                  80;               595836
                  81;               592740
                  82;               601736
                  83;               597508
                  84;               595812
                  85;               634272
                  86;               581012
                  87;               594728
                  88;               593356
                  89;               589912
                  90;               592300
                  91;               594428
                  92;               595736
                  93;               595388
                  94;               597212
                  95;               594928
                  96;               595804
                  97;               589056
                  98;               642928
                  99;               596556
                 100;               598632
                 101;               591936
                 102;               594904
                 103;               597556
                 104;               596032
                 105;               597264
                 106;               644852
                 107;               594848
                 108;               596352
                 109;               591708
                 110;               594296
                 111;               594960
                 112;               594836
                 113;               587584
                 114;               594008
                 115;               590444
                 116;               589832
                 117;               590856
                 118;               592632
                 119;               660228
                 120;               595132
                 121;               594796
                 122;               594636
                 123;               596276
                 124;               586556
                 125;               594156
                 126;               596904
                 127;               651416
                 128;               596888
                 129;               597416
                 130;               593560
                 131;               592556
                 132;               592856
                 133;               579300
                 134;               597228
                 135;               593336
                 136;               594876
                 137;               598848
                 138;               594052
                 139;               591188
                 140;               596156
                 141;               591876
                 142;               593900
                 143;               594188
                 144;               596152
                 145;               599788
                 146;               597268
                 147;               593288
                 148;               638088
                 149;               597440
                 150;               598208
                 151;               586148
                 152;               595344
                 153;               596396
                 154;               593092
                 155;               597984
                 156;               594624
                 157;               594016
                 158;               592668
                 159;               593940
                 160;               581272
                 161;               593144
                 162;               595532
                 163;               598648
                 164;               595760
                 165;               594508
                 166;               595040
                 167;               595556
                 168;               595740
                 169;               635244
                 170;               595548
                 171;               601968
                 172;               596932
                 173;               597068
                 174;               601760
                 175;               591220
                 176;               596872
                 177;               634244
                 178;               588836
                 179;               594552
                 180;               582596
                 181;               598968
                 182;               601568
                 183;               596924
                 184;               596580
                 185;               592232
                 186;               591248
                 187;               600456
                 188;               598588
                 189;               594108
                 190;               594712
                 191;               593120
                 192;               593212
                 193;               592924
                 194;               590748
                 195;               600788
                 196;               593172
                 197;               594648
                 198;               625532
                 199;               591916
                 200;               598768
                 201;               595740
                 202;               592232
                 203;               597368
                 204;               592488
                 205;               586816
                 206;               650500
                 207;               579176
                 208;               596508
                 209;               592936
                 210;               597588
                 211;               593536
                 212;               596740
                 213;               596744
                 214;               597440
                 215;               595624
                 216;               592220
                 217;               590784
                 218;               594296
                 219;               596232
                 220;               595468
                 221;               596592
                 222;               592008
                 223;               595260
                 224;               598168
                 225;               584760
                 226;               592360
                 227;               637116
                 228;               593856
                 229;               595632
                 230;               589628
                 231;               594556
                 232;               583864
                 233;               598624
                 234;               588768
                 235;               593460
                 236;               595616
                 237;               597900
                 238;               594120
                 239;               883836
                 240;               667268
                 241;               616800
                 242;               605400
                 243;               600484
                 244;               597992
                 245;               687336
                 246;               603380
                 247;               592188
                 248;               601508
                 249;               594260
                 250;               596308
                 251;               601832
                 252;               662592
                 253;               627816
                 254;               615284
                 255;               621392
                 256;               603844
                 257;               608948
                 258;               604504
                 259;               665260
                 260;               598932
                 261;               602964
                 262;               599708
                 263;               608832
                 264;               600964
                 265;               602660
                 266;               600168
                 267;               609732
                 268;               644356
                 269;               601584
                 270;               632636
                 271;               590644
                 272;               601996
                 273;               605660
                 274;               670852
                 275;               600044
                 276;               597580
                 277;               598780
                 278;               602208
                 279;               609380
                 280;               676052
                 281;               599608
                 282;               600964
                 283;               601404
                 284;               606460
                 285;               648688
                 286;               582432
                 287;               605384
                 288;               603440
                 289;               603236
                 290;               630456
                 291;               591816
                 292;               610792
                 293;               673196
                 294;               603196
                 295;               603124
                 296;               643388
                 297;               609028
                 298;               643316
                 299;               585468
                 300;               602820
                 301;               613128
                 302;               606276
                 303;               623248
                 304;               592720
                 305;               596552
                 306;               605884
                 307;               607648
                 308;               619696
                 309;               600292
                 310;               600800
                 311;               607604
                 312;               601044
                 313;               593424
                 314;               611072
                 315;               605908
                 316;               629636
                 317;               596828
                 318;               604836
                 319;               602720
                 320;               605972
                 321;               600420
                 322;               600264
                 323;               601536
                 324;               607952
                 325;               616332
                 326;               641096
                 327;               603696
                 328;               603476
                 329;               606448
                 330;               617292
                 331;               603544
                 332;               593000
                 333;               605804
                 334;               607344
                 335;               704448
                 336;               603500
                 337;               630180
                 338;               603776
                 339;               634436
                 340;               599200
                 341;               603620
                 342;               616100
                 343;               638076
                 344;               611480
                 345;               629180
                 346;               597636
                 347;               600148
                 348;               601252
                 349;               608920
                 350;               638640
                 351;               603400
                 352;               604244
                 353;               605532
                 354;               607260
                 355;               627012
                 356;               598276
                 357;               600052
                 358;               588668
                 359;               634696
