                   0;              6500156
                   1;               475416
                   2;               449096
                   3;               469288
                   4;               443712
                   5;               439308
                   6;               433916
                   7;               426268
                   8;               432924
                   9;               434204
                  10;               437920
                  11;               428116
                  12;               435412
                  13;               495240
                  14;               426296
                  15;               432132
                  16;               440364
                  17;               429452
                  18;               431304
                  19;               444136
                  20;               432348
                  21;               435716
                  22;               430052
                  23;               436328
                  24;               431760
                  25;               429300
                  26;               431788
                  27;               427240
                  28;               435236
                  29;               430620
                  30;               432588
                  31;               434576
                  32;               421708
                  33;               430164
                  34;               438692
                  35;               427608
                  36;               436152
                  37;               417880
                  38;               429220
                  39;               434244
                  40;               433428
                  41;               428700
                  42;               414652
                  43;               433952
                  44;               427308
                  45;               432044
                  46;               435868
                  47;               421436
                  48;               434140
                  49;               425172
                  50;               438412
                  51;               427052
                  52;               427736
                  53;               427772
                  54;               430652
                  55;               433380
                  56;               429172
                  57;               431144
                  58;               426232
                  59;               426620
                  60;               429388
                  61;               424852
                  62;               431076
                  63;               419420
                  64;               428172
                  65;               426696
                  66;               425644
                  67;               428292
                  68;               418400
                  69;               428212
                  70;               427172
                  71;               424992
                  72;               427404
                  73;               422412
                  74;               426188
                  75;               428804
                  76;               460408
                  77;               424296
                  78;               418548
                  79;               425188
                  80;               427124
                  81;               427272
                  82;               429764
                  83;               420408
                  84;               430704
                  85;               427224
                  86;               432356
                  87;               428444
                  88;               418348
                  89;               433280
                  90;               430004
                  91;               424408
                  92;               432152
                  93;               425140
                  94;               433356
                  95;               423804
                  96;               434420
                  97;               430284
                  98;               424136
                  99;               432808
                 100;               431528
                 101;               430352
                 102;               428740
                 103;               422268
                 104;               432224
                 105;               428704
                 106;               428688
                 107;               426420
                 108;               420072
                 109;               427120
                 110;               432688
                 111;               430912
                 112;               429496
                 113;               423732
                 114;               429500
                 115;               430404
                 116;               428500
                 117;               428312
                 118;               422680
                 119;               434476
                 120;               423508
                 121;               429448
                 122;               427072
                 123;               423424
                 124;               431912
                 125;               428820
                 126;               465484
                 127;               425972
                 128;               424444
                 129;               432068
                 130;               426496
                 131;               428408
                 132;               427896
                 133;               426112
                 134;               434048
                 135;               430140
                 136;               436928
                 137;               434464
                 138;               429680
                 139;               435576
                 140;               433444
                 141;               424708
                 142;               435688
                 143;               427964
                 144;               424884
                 145;               425636
                 146;               429404
                 147;               432448
                 148;               428520
                 149;               432420
                 150;               437700
                 151;               470664
                 152;               427540
                 153;               429856
                 154;               424328
                 155;               442680
                 156;               422236
                 157;               430792
                 158;               428120
                 159;               429408
                 160;               435700
                 161;               413076
                 162;               430784
                 163;               425580
                 164;               430012
                 165;               432720
                 166;               419432
                 167;               428804
                 168;               428992
                 169;               438720
                 170;               428932
                 171;               412712
                 172;               428212
                 173;               430500
                 174;               900144
                 175;               489060
                 176;               473756
                 177;               444924
                 178;               459836
                 179;               447592
                 180;               437592
                 181;               433236
                 182;               434584
                 183;               438648
                 184;               436156
                 185;               425368
                 186;               425984
                 187;               431540
                 188;               433876
                 189;               440084
                 190;               510392
                 191;               431816
                 192;               428148
                 193;               439244
                 194;               435768
                 195;               431512
                 196;               425100
                 197;               428572
                 198;               427244
                 199;               430416
                 200;               434792
                 201;               433388
                 202;               443064
                 203;               422780
                 204;               429424
                 205;               430960
                 206;               430592
                 207;               429580
                 208;               430424
                 209;               466860
                 210;               423784
                 211;               431156
                 212;               421636
                 213;               430820
                 214;               428724
                 215;               429252
                 216;               424516
                 217;               428808
                 218;               431712
                 219;               428484
                 220;               432300
                 221;               427256
                 222;               426068
                 223;               436604
                 224;               428932
                 225;               430936
                 226;               432476
                 227;               426848
                 228;               428160
                 229;               429916
                 230;               429264
                 231;               426200
                 232;               420388
                 233;               423952
                 234;               462552
                 235;               427940
                 236;               430200
                 237;               425776
                 238;               434444
                 239;               432188
                 240;               451152
                 241;               432292
                 242;               417412
                 243;               426620
                 244;               431468
                 245;               415744
                 246;               426632
                 247;               426028
                 248;               425120
                 249;               427168
                 250;               426380
                 251;               464976
                 252;               446092
                 253;               489268
                 254;               452412
                 255;               442956
                 256;               438456
                 257;               439104
                 258;               438536
                 259;               444600
                 260;               430332
                 261;               437136
                 262;               433972
                 263;               433824
                 264;               439976
                 265;               442880
                 266;               436068
                 267;               441088
                 268;               432252
                 269;               667644
                 270;               451328
                 271;               489688
                 272;               440384
                 273;               431536
                 274;               433660
                 275;               440576
                 276;               440152
                 277;               434572
                 278;               682888
                 279;               442144
                 280;               442172
                 281;               440608
                 282;               439980
                 283;               433920
                 284;               444688
                 285;               468108
                 286;               443992
                 287;               437632
                 288;               439904
                 289;               440360
                 290;               436344
                 291;               613260
                 292;               444404
                 293;               441104
                 294;               442612
                 295;               443396
                 296;               438600
                 297;               443328
                 298;               475504
                 299;               434752
                 300;               572056
                 301;               748324
                 302;               441956
                 303;               552532
                 304;               446588
                 305;               443004
                 306;               438732
                 307;               440768
                 308;               441308
                 309;               431852
                 310;               435336
                 311;               438508
                 312;               502020
                 313;               446012
                 314;               429908
                 315;               440384
                 316;               437340
                 317;               453780
                 318;               459400
                 319;               496612
                 320;               566624
                 321;               441928
                 322;               439260
                 323;               441780
                 324;               432192
                 325;               446000
                 326;               434824
                 327;               440896
                 328;               437432
                 329;               446908
                 330;               446648
                 331;               504560
                 332;               578228
                 333;               441616
                 334;               497600
                 335;               510216
                 336;               536012
                 337;               440012
                 338;               435132
                 339;               440756
                 340;               437780
                 341;               431332
                 342;               444216
                 343;               438880
                 344;               433152
                 345;               469052
                 346;               437192
                 347;               443112
                 348;               436428
                 349;               438980
                 350;               497672
                 351;               452416
                 352;               590336
                 353;               489592
                 354;               470500
                 355;               452576
                 356;               473732
                 357;               455540
                 358;               657192
                 359;               445372
