                   0;              4352796
                   1;              4502456
                   2;              4346832
                   3;              4597016
                   4;              4346040
                   5;              4378828
                   6;              4345292
                   7;              4339092
                   8;              4343668
                   9;              4347384
                  10;              4342624
                  11;              4302364
                  12;              4299920
                  13;              4302560
                  14;              4304692
                  15;              4303728
                  16;              4309848
                  17;              4318368
                  18;              4311484
                  19;              4343956
                  20;              4312244
                  21;              4306880
                  22;              4360060
                  23;              4309768
                  24;              4363648
                  25;              4310820
                  26;              4306076
                  27;              4311256
                  28;              4341008
                  29;              4308236
                  30;              4306168
                  31;              4310088
                  32;              4307440
                  33;              4304660
                  34;              4306160
                  35;              4304204
                  36;              4310164
                  37;              4308556
                  38;              4311348
                  39;              4309268
                  40;              4306260
                  41;              4306196
                  42;              4305172
                  43;              4307668
                  44;              4307744
                  45;              4310688
                  46;              4305476
                  47;              4302472
                  48;              4303044
                  49;              4306188
                  50;              4350440
                  51;              4347292
                  52;              4354508
                  53;              4358988
                  54;              4367352
                  55;              4355252
                  56;              4348952
                  57;              4346148
                  58;              4349328
                  59;              4347288
                  60;              4344340
                  61;              4348360
                  62;              4347024
                  63;              4366696
                  64;              4343988
                  65;              4352508
                  66;              4350824
                  67;              4345616
                  68;              4340356
                  69;              4346704
                  70;              4347692
                  71;              4342308
                  72;              4360452
                  73;              4344768
                  74;              4350956
                  75;              4345180
                  76;              4353540
                  77;              4346324
                  78;              4350372
                  79;              4346980
                  80;              4345748
                  81;              4340232
                  82;              4347284
                  83;              4344004
                  84;              4344864
                  85;              4344456
                  86;              4345644
                  87;              4344124
                  88;              4347328
                  89;              4343428
                  90;              4350636
                  91;              4357976
                  92;              4341948
                  93;              4341884
                  94;              4342580
                  95;              4338544
                  96;              4339224
                  97;              4298960
                  98;              4301840
                  99;              4304448
                 100;              4300500
                 101;              4306000
                 102;              4308688
                 103;              4304192
                 104;              4311548
                 105;              4307180
                 106;              4312116
                 107;              4308632
                 108;              4314356
                 109;              4315512
                 110;              4310292
                 111;              4313536
                 112;              4310184
                 113;              4307368
                 114;              4309952
                 115;              4309468
                 116;              4310520
                 117;              4307588
                 118;              4305436
                 119;              4307760
                 120;              4310500
                 121;              4301756
                 122;              4306856
                 123;              4314472
                 124;              4311332
                 125;              4309740
                 126;              4309528
                 127;              4304828
                 128;              4311176
                 129;              4310684
                 130;              4302400
                 131;              4306388
                 132;              5110428
                 133;              4321184
                 134;              4340452
                 135;              4369392
                 136;              4350864
                 137;              4352132
                 138;              4347416
                 139;              4367504
                 140;              4353592
                 141;              4349312
                 142;              4343732
                 143;              4369576
                 144;              4353956
                 145;              4347016
                 146;              4346600
                 147;              4351580
                 148;              4346672
                 149;              4345840
                 150;              4344680
                 151;              4342112
                 152;              4370448
                 153;              4348824
                 154;              4345340
                 155;              4346720
                 156;              4341124
                 157;              4344276
                 158;              4349008
                 159;              4346564
                 160;              4341680
                 161;              4358028
                 162;              4343780
                 163;              4342648
                 164;              4348560
                 165;              4348024
                 166;              4340592
                 167;              4343000
                 168;              4335812
                 169;              4299864
                 170;              4298508
                 171;              4301964
                 172;              4308524
                 173;              4307876
                 174;              4312036
                 175;              4315480
                 176;              4312168
                 177;              4317360
                 178;              4312696
                 179;              4307980
                 180;              4305488
                 181;              4308504
                 182;              4303556
                 183;              4307940
                 184;              4307552
                 185;              4312504
                 186;              4305252
                 187;              4307648
                 188;              4303356
                 189;              4310592
                 190;              4310788
                 191;              4312708
                 192;              4306512
                 193;              4309116
                 194;              4308816
                 195;              4306144
                 196;              4310364
                 197;              4309708
                 198;              4305700
                 199;              4310320
                 200;              4306104
                 201;              4310472
                 202;              4305844
                 203;              4306704
                 204;              4308836
                 205;              4309692
                 206;              4310772
                 207;              4312532
                 208;              4307512
                 209;              4307212
                 210;              4304760
                 211;              4305952
                 212;              4305844
                 213;              4307152
                 214;              4303108
                 215;              4305076
                 216;              4306148
                 217;              4305380
                 218;              4307480
                 219;              4306552
                 220;              4353232
                 221;              4346816
                 222;              4348700
                 223;              4347376
                 224;              4428304
                 225;              4348340
                 226;              4349380
                 227;              4353900
                 228;              4346776
                 229;              4339744
                 230;              4349460
                 231;              4350704
                 232;              5237288
                 233;              4344432
                 234;              4358488
                 235;              4348748
                 236;              4348392
                 237;              4346068
                 238;              4344148
                 239;              4347164
                 240;              4342984
                 241;              4356872
                 242;              4347440
                 243;              4343712
                 244;              4345496
                 245;              4341412
                 246;              4345292
                 247;              4344620
                 248;              4345808
                 249;              4342028
                 250;              4340772
                 251;              4595612
                 252;              4580404
                 253;              4597032
                 254;              5017084
                 255;              4441164
                 256;              4419656
                 257;              4331092
                 258;              4390208
                 259;              4444168
                 260;              4581536
                 261;              4587796
                 262;              4451232
                 263;              4359576
                 264;              4490672
                 265;              4452124
                 266;              4336616
                 267;              4351080
                 268;              4349812
                 269;              4384728
                 270;              4345792
                 271;              4342624
                 272;              4339508
                 273;              4348400
                 274;              4347352
                 275;              4357700
                 276;              4358324
                 277;              4348036
                 278;              4338004
                 279;              4387860
                 280;              4314672
                 281;              4315876
                 282;              4537248
                 283;              4312928
                 284;              4316780
                 285;              4311184
                 286;              4309224
                 287;              4314644
                 288;              4309340
                 289;              4312616
                 290;              4312884
                 291;              4310492
                 292;              4312372
                 293;              4310688
                 294;              4300148
                 295;              4314428
                 296;              4436912
                 297;              4346608
                 298;              4383184
                 299;              4320488
                 300;              4310364
                 301;              4414124
                 302;              4673860
                 303;              4359868
                 304;              5185324
                 305;              4430440
                 306;              4341416
                 307;              4394928
                 308;              4444112
                 309;              4338808
                 310;              4348720
                 311;              4302336
                 312;              4406104
                 313;              4342440
                 314;              4330556
                 315;              4415640
                 316;              4353560
                 317;              4300372
                 318;              4337792
                 319;              4368252
                 320;              4371132
                 321;              4312456
                 322;              4361332
                 323;              4737532
                 324;              4416356
                 325;              4315448
                 326;              4381536
                 327;              4402224
                 328;              4305780
                 329;              4307880
                 330;              4446136
                 331;              4397468
                 332;              4355416
                 333;              4412556
                 334;              4353940
                 335;              4446552
                 336;              4384372
                 337;              4358848
                 338;              4462836
                 339;              4446088
                 340;              4345096
                 341;              4482080
                 342;              4464536
                 343;              4296904
                 344;              4423236
                 345;              4413556
                 346;              4337572
                 347;              4301852
                 348;              4326500
                 349;              4423168
                 350;              4313812
                 351;              4369432
                 352;              4421688
                 353;              4315780
                 354;              4331720
                 355;              4427472
                 356;              4296092
                 357;              4308412
                 358;              4449576
                 359;              4295904
