                   0;              7177816
                   1;              2400044
                   2;              2371156
                   3;              2365412
                   4;              2360668
                   5;              2360776
                   6;              2359080
                   7;              2355484
                   8;              2353584
                   9;              2354532
                  10;              2357912
                  11;              2416360
                  12;              2393464
                  13;              2386464
                  14;              2367404
                  15;              2386872
                  16;              2374528
                  17;              2373392
                  18;              2372064
                  19;              2365240
                  20;              2369412
                  21;              2364608
                  22;              2369936
                  23;              2364260
                  24;              2361228
                  25;              2364516
                  26;              2403464
                  27;              2392644
                  28;              2392420
                  29;              2419904
                  30;              2361260
                  31;              2379032
                  32;              2368232
                  33;              2376820
                  34;              2365860
                  35;              2373200
                  36;              2362708
                  37;              2390928
                  38;              2359628
                  39;              2361964
                  40;              2388876
                  41;              2367560
                  42;              2365620
                  43;              2544572
                  44;              2405892
                  45;              2391848
                  46;              2367696
                  47;              2392140
                  48;              2373596
                  49;              2369544
                  50;              2366672
                  51;              2365332
                  52;              2365576
                  53;              2365368
                  54;              2363960
                  55;              2364844
                  56;              2364840
                  57;              2360180
                  58;              2365784
                  59;              2399576
                  60;              2388712
                  61;              2390428
                  62;              2419808
                  63;              2385756
                  64;              2367220
                  65;              2370700
                  66;              2368860
                  67;              2368032
                  68;              2364272
                  69;              2369076
                  70;              2364020
                  71;              2364728
                  72;              2361520
                  73;              2362084
                  74;              2365916
                  75;              2368508
                  76;              2365620
                  77;              2365752
                  78;              2396504
                  79;              2398728
                  80;              2384296
                  81;              2394368
                  82;              2427268
                  83;              2357448
                  84;              2359112
                  85;              2371612
                  86;              2374192
                  87;              2375116
                  88;              2380848
                  89;              2369528
                  90;              2379348
                  91;              2371152
                  92;              2367828
                  93;              2380260
                  94;              2368012
                  95;              2403564
                  96;              2391828
                  97;              2402004
                  98;              2390868
                  99;              2391968
                 100;              2395380
                 101;              2426168
                 102;              2383924
                 103;              2377284
                 104;              2372068
                 105;              2384180
                 106;              2378080
                 107;              2376432
                 108;              2376456
                 109;              2371096
                 110;              2374344
                 111;              2365780
                 112;              2366132
                 113;              2364552
                 114;              2366544
                 115;              2366432
                 116;              2369384
                 117;              2366868
                 118;              2391632
                 119;              2390172
                 120;              2394240
                 121;              2397748
                 122;              2392980
                 123;              7747424
                 124;              2369728
                 125;              2381840
                 126;              2367932
                 127;              3469292
                 128;              2403560
                 129;              2440520
                 130;              2388384
                 131;              2387436
                 132;              2380016
                 133;              2373900
                 134;              2375368
                 135;              2373728
                 136;              2373332
                 137;              2377728
                 138;              2371348
                 139;              2367200
                 140;              2371996
                 141;              2367176
                 142;              2364620
                 143;              2396960
                 144;              2397780
                 145;              2394504
                 146;              2391300
                 147;              2394744
                 148;              2360572
                 149;              2366296
                 150;              2385780
                 151;              2374764
                 152;              2371732
                 153;              2373976
                 154;              2390696
                 155;              2372260
                 156;              2372808
                 157;              2367884
                 158;              2368716
                 159;              2363464
                 160;              2364516
                 161;              2377152
                 162;              2368976
                 163;              2364236
                 164;              2368224
                 165;              2413624
                 166;              2394724
                 167;              2400608
                 168;              2424296
                 169;              2389528
                 170;              2392724
                 171;              2384920
                 172;              2361776
                 173;              2388780
                 174;              2371324
                 175;              2374732
                 176;              2388384
                 177;              2375360
                 178;              2373096
                 179;              2370300
                 180;              2368924
                 181;              2368836
                 182;              2372972
                 183;              2367008
                 184;              2365256
                 185;              2368952
                 186;              2364796
                 187;              2364804
                 188;              2366664
                 189;              2368252
                 190;              2395544
                 191;              2388548
                 192;              2391408
                 193;              2396976
                 194;              2389508
                 195;              2386908
                 196;              2432632
                 197;              2368428
                 198;              2369456
                 199;              2381768
                 200;              2376816
                 201;              2379172
                 202;              2378436
                 203;              2370084
                 204;              2371052
                 205;              2367228
                 206;              2373144
                 207;              2363432
                 208;              2369480
                 209;              2363368
                 210;              2371208
                 211;              2367564
                 212;              2369484
                 213;              2365804
                 214;              2402016
                 215;              2402720
                 216;              2396836
                 217;              2395636
                 218;              2383584
                 219;              2388280
                 220;              2356744
                 221;              2366540
                 222;              2368936
                 223;              2370960
                 224;              2369388
                 225;              2368936
                 226;              2370684
                 227;              2375820
                 228;              2369088
                 229;              2377716
                 230;              2375148
                 231;              2367704
                 232;              2366228
                 233;              2371172
                 234;              2367164
                 235;              2368708
                 236;              2366420
                 237;              2365928
                 238;              2366920
                 239;              2399260
                 240;              2424084
                 241;              2394244
                 242;              2387592
                 243;              2386860
                 244;              2383492
                 245;              2482340
                 246;              2367916
                 247;              2370032
                 248;              2374040
                 249;              2377956
                 250;              2379444
                 251;              2538120
                 252;              2961408
                 253;              2374660
                 254;              2380624
                 255;              2378928
                 256;              2452748
                 257;              2589088
                 258;              2380880
                 259;              2408876
                 260;              3093648
                 261;              2404332
                 262;              2624472
                 263;              2378612
                 264;              2454432
                 265;              2601124
                 266;              2392424
                 267;              2507144
                 268;              3191276
                 269;              2367572
                 270;              2394692
                 271;              2368980
                 272;              2598184
                 273;              2428544
                 274;              2403188
                 275;              2484792
                 276;              2405732
                 277;              2621600
                 278;              2387700
                 279;              2620964
                 280;              2392092
                 281;              2410284
                 282;              3145508
                 283;              2392612
                 284;              2653492
                 285;              2398280
                 286;              2384784
                 287;              2652952
                 288;              2405808
                 289;              2587916
                 290;              2398920
                 291;              2401500
                 292;              2576176
                 293;              2381920
                 294;              2374252
                 295;              2384908
                 296;              2464820
                 297;              2394300
                 298;              2653136
                 299;              2383460
                 300;              2376300
                 301;              2551824
                 302;              2381804
                 303;              2595160
                 304;              2390860
                 305;              2368644
                 306;              2629420
                 307;              3143800
                 308;              2405688
                 309;              2399580
                 310;              2591268
                 311;              2384668
                 312;              2382288
                 313;              2599564
                 314;              2393640
                 315;              2375904
                 316;              2585340
                 317;              2390976
                 318;              2379364
                 319;              2586864
                 320;              3033084
                 321;              2392720
                 322;              2657808
                 323;              2414616
                 324;              2441368
                 325;              2675272
                 326;              2401812
                 327;              2389000
                 328;              2621336
                 329;              2390856
                 330;              2596724
                 331;              2389788
                 332;              2381036
                 333;              2384208
                 334;              2468964
                 335;              2405756
                 336;              2378736
                 337;              2594296
                 338;              2392260
                 339;              2392688
                 340;              2593916
                 341;              2384804
                 342;              2658320
                 343;              2427552
                 344;              2405908
                 345;              2509060
                 346;              2367616
                 347;              2577212
                 348;              2385664
                 349;              2392736
                 350;              2409348
                 351;              2379796
                 352;              2638092
                 353;              2380508
                 354;              2388104
                 355;              2626296
                 356;              2390736
                 357;              3635376
                 358;              2420340
                 359;              2409040
