                   0;              4507868
                   1;              4365188
                   2;              4485896
                   3;              4367168
                   4;              4461804
                   5;              4358924
                   6;              4364668
                   7;              4351560
                   8;              4344096
                   9;              4350372
                  10;              4343320
                  11;              4346192
                  12;              4345816
                  13;              4342720
                  14;              4359500
                  15;              4343724
                  16;              4371744
                  17;              4343632
                  18;              4344060
                  19;              4347604
                  20;              4338368
                  21;              4345192
                  22;              4339192
                  23;              4342456
                  24;              4299492
                  25;              4302352
                  26;              4302168
                  27;              4304652
                  28;              4306264
                  29;              4305032
                  30;              4307976
                  31;              4312508
                  32;              4306688
                  33;              4310284
                  34;              4305192
                  35;              4308280
                  36;              4307040
                  37;              4308656
                  38;              4306272
                  39;              4305060
                  40;              4309092
                  41;              4309144
                  42;              4304276
                  43;              4305756
                  44;              4303648
                  45;              4307544
                  46;              4306092
                  47;              4305464
                  48;              4309980
                  49;              4303608
                  50;              4310216
                  51;              4308544
                  52;              4305824
                  53;              4304576
                  54;              4308256
                  55;              4305904
                  56;              4309068
                  57;              4306640
                  58;              4311312
                  59;              4305240
                  60;              4304788
                  61;              4305288
                  62;              4307820
                  63;              4302512
                  64;              4311412
                  65;              4307504
                  66;              4306400
                  67;              4306876
                  68;              4312104
                  69;              4307100
                  70;              4347428
                  71;              4349300
                  72;              4347604
                  73;              4352936
                  74;              4344428
                  75;              4350460
                  76;              4349780
                  77;              4362364
                  78;              4353240
                  79;              4393036
                  80;              4347396
                  81;              4349056
                  82;              4354460
                  83;              4342616
                  84;              4344964
                  85;              4347628
                  86;              4348448
                  87;              4345584
                  88;              4344676
                  89;              4348448
                  90;              4344424
                  91;              4346904
                  92;              4341552
                  93;              4340132
                  94;              4343012
                  95;              4343300
                  96;              4343220
                  97;              4342720
                  98;              4342428
                  99;              4351828
                 100;              4347420
                 101;              4345636
                 102;              4348344
                 103;              4348332
                 104;              4343096
                 105;              4345144
                 106;              4341632
                 107;              4352096
                 108;              4345700
                 109;              4353840
                 110;              4346064
                 111;              4342536
                 112;              4341776
                 113;              4337320
                 114;              4337884
                 115;              4302452
                 116;              4303848
                 117;              4305860
                 118;              4305912
                 119;              4303108
                 120;              4310668
                 121;              4302572
                 122;              4306960
                 123;              4302788
                 124;              4312588
                 125;              4304972
                 126;              4311184
                 127;              4308604
                 128;              4306172
                 129;              4308364
                 130;              4308464
                 131;              4309616
                 132;              4306968
                 133;              4458024
                 134;              4316176
                 135;              4315160
                 136;              4316488
                 137;              4311240
                 138;              4304080
                 139;              4310016
                 140;              4305876
                 141;              4367784
                 142;              4353492
                 143;              4371792
                 144;              4358236
                 145;              4380896
                 146;              4355980
                 147;              4344552
                 148;              4349584
                 149;              4342040
                 150;              4377100
                 151;              4346244
                 152;              4345732
                 153;              4350132
                 154;              4345560
                 155;              4344028
                 156;              4346988
                 157;              4344508
                 158;              4366768
                 159;              4346904
                 160;              4350888
                 161;              4346956
                 162;              4344356
                 163;              4342704
                 164;              4342888
                 165;              4349556
                 166;              4348552
                 167;              4345316
                 168;              4347404
                 169;              4344700
                 170;              4344248
                 171;              4346376
                 172;              4354416
                 173;              4345860
                 174;              4338548
                 175;              4302452
                 176;              4299992
                 177;              4302780
                 178;              4305860
                 179;              4302516
                 180;              4309016
                 181;              4309336
                 182;              4306140
                 183;              4308824
                 184;              4304616
                 185;              4309156
                 186;              4310016
                 187;              4313120
                 188;              4306140
                 189;              4310780
                 190;              4309700
                 191;              4308676
                 192;              4309928
                 193;              4306148
                 194;              4310824
                 195;              4311896
                 196;              4313716
                 197;              4308348
                 198;              4306492
                 199;              4305128
                 200;              4307868
                 201;              4307956
                 202;              4307236
                 203;              4310012
                 204;              4307352
                 205;              4310792
                 206;              4306276
                 207;              4307224
                 208;              4312112
                 209;              4305468
                 210;              4304376
                 211;              4313116
                 212;              4310420
                 213;              4308376
                 214;              4312172
                 215;              4307684
                 216;              4309368
                 217;              4308112
                 218;              4304460
                 219;              4309440
                 220;              4304080
                 221;              4308024
                 222;              4303104
                 223;              4310784
                 224;              4305716
                 225;              4313096
                 226;              4309184
                 227;              4353192
                 228;              4347776
                 229;              4346460
                 230;              4351924
                 231;              4346628
                 232;              4346484
                 233;              4349252
                 234;              4352296
                 235;              4357172
                 236;              4351696
                 237;              4350976
                 238;              4349312
                 239;              4347380
                 240;              4348816
                 241;              4345552
                 242;              4343704
                 243;              4343604
                 244;              4339596
                 245;              4347992
                 246;              4347732
                 247;              4347368
                 248;              4342588
                 249;              4346764
                 250;              4343556
                 251;              4451528
                 252;              4488968
                 253;              4501908
                 254;              4344208
                 255;              4399080
                 256;              4299796
                 257;              4325060
                 258;              4412984
                 259;              4393124
                 260;              4315704
                 261;              4545172
                 262;              4375768
                 263;              4316968
                 264;              4395168
                 265;              4380444
                 266;              4318284
                 267;              4313476
                 268;              4308064
                 269;              4337808
                 270;              4352072
                 271;              4580708
                 272;              4310796
                 273;              4351436
                 274;              4397764
                 275;              4330208
                 276;              4370824
                 277;              4436876
                 278;              4407928
                 279;              4348408
                 280;              4441020
                 281;              4361432
                 282;              4358008
                 283;              4364804
                 284;              4358548
                 285;              4293088
                 286;              4319284
                 287;              4305928
                 288;              4307980
                 289;              4299736
                 290;              4312580
                 291;              4338124
                 292;              4320612
                 293;              4329704
                 294;              4314556
                 295;              4315984
                 296;              4313616
                 297;              4313844
                 298;              4334424
                 299;              4311416
                 300;              4317816
                 301;              4313848
                 302;              4317140
                 303;              4336648
                 304;              4307304
                 305;              4336088
                 306;              4316924
                 307;              4309580
                 308;              4320296
                 309;              4313904
                 310;              4333564
                 311;              4312804
                 312;              4310316
                 313;              4314544
                 314;              4350212
                 315;              4351216
                 316;              4347864
                 317;              4357336
                 318;              4349432
                 319;              4345100
                 320;              4348688
                 321;              4353108
                 322;              4358520
                 323;              4452660
                 324;              4358660
                 325;              4339164
                 326;              4393160
                 327;              4362064
                 328;              4385456
                 329;              4349048
                 330;              4353616
                 331;              4398588
                 332;              4344812
                 333;              4348088
                 334;              4400076
                 335;              4334604
                 336;              4308224
                 337;              4345608
                 338;              4304176
                 339;              4327792
                 340;              4356272
                 341;              4325284
                 342;              4294108
                 343;              4325888
                 344;              4312248
                 345;              4318728
                 346;              4365420
                 347;              4307588
                 348;              4322936
                 349;              4358136
                 350;              4307208
                 351;              4332200
                 352;              4363740
                 353;              4332052
                 354;              4311624
                 355;              4366128
                 356;              4314800
                 357;              4294616
                 358;              4330932
                 359;              4311668
