                   0;              8757856
                   1;               506392
                   2;               468424
                   3;               484636
                   4;               446988
                   5;               444740
                   6;               443412
                   7;               438572
                   8;               440600
                   9;               442172
                  10;               437176
                  11;               432872
                  12;               441448
                  13;               506404
                  14;               438384
                  15;               439848
                  16;               439040
                  17;               440816
                  18;               437864
                  19;               438636
                  20;               433620
                  21;               436012
                  22;               439108
                  23;               434536
                  24;               437252
                  25;               446216
                  26;               490200
                  27;               456592
                  28;               442144
                  29;               443504
                  30;               441348
                  31;               429240
                  32;               434456
                  33;               444984
                  34;               433892
                  35;               433724
                  36;               429764
                  37;               436904
                  38;               437968
                  39;               435620
                  40;               462032
                  41;               425560
                  42;               430080
                  43;               435976
                  44;               437824
                  45;               438012
                  46;               427200
                  47;               430948
                  48;               437996
                  49;               437644
                  50;               446064
                  51;               439676
                  52;               440444
                  53;               434504
                  54;               438868
                  55;               433656
                  56;               429244
                  57;               437060
                  58;               439400
                  59;               434368
                  60;               438476
                  61;               436384
                  62;               430244
                  63;               434544
                  64;               434104
                  65;               462756
                  66;               434728
                  67;               433864
                  68;               434260
                  69;               435152
                  70;               436524
                  71;               436408
                  72;               430580
                  73;               430416
                  74;               431044
                  75;               435460
                  76;               434704
                  77;               438408
                  78;               434496
                  79;               436344
                  80;               432812
                  81;               434948
                  82;               435556
                  83;               440440
                  84;               434960
                  85;               431036
                  86;               435496
                  87;               432308
                  88;               437184
                  89;               437460
                  90;               439580
                  91;               436228
                  92;               430972
                  93;               431640
                  94;               435368
                  95;               436116
                  96;               463860
                  97;               435832
                  98;               437136
                  99;               438560
                 100;               437652
                 101;               436412
                 102;               434404
                 103;               436028
                 104;               436204
                 105;               435124
                 106;               434852
                 107;               438464
                 108;               438280
                 109;               436112
                 110;               433796
                 111;               430640
                 112;               434608
                 113;               438872
                 114;               443092
                 115;               468652
                 116;               437184
                 117;               435728
                 118;               435740
                 119;               433500
                 120;               436496
                 121;               465468
                 122;               434112
                 123;               436672
                 124;               429604
                 125;               430888
                 126;               432024
                 127;               437792
                 128;               429568
                 129;               433792
                 130;               435520
                 131;               437424
                 132;               432392
                 133;               443560
                 134;               439948
                 135;               424196
                 136;               436248
                 137;               434792
                 138;               434932
                 139;               445092
                 140;               426432
                 141;               428788
                 142;               435972
                 143;               437784
                 144;               436296
                 145;               422752
                 146;               465264
                 147;               434428
                 148;               435704
                 149;               438660
                 150;               428104
                 151;               431432
                 152;               433600
                 153;               429368
                 154;               429620
                 155;               419396
                 156;               436336
                 157;               429864
                 158;               431188
                 159;               432380
                 160;               416452
                 161;               438708
                 162;               434240
                 163;               430944
                 164;               439916
                 165;               424572
                 166;               432296
                 167;               429964
                 168;               434596
                 169;               435384
                 170;               440900
                 171;               433740
                 172;               431512
                 173;               554460
                 174;               477412
                 175;               464620
                 176;               460252
                 177;               455112
                 178;               444788
                 179;               435432
                 180;               440264
                 181;               436888
                 182;               441460
                 183;               437100
                 184;               487456
                 185;               433532
                 186;               439276
                 187;               438724
                 188;               440968
                 189;               444960
                 190;               437916
                 191;               432252
                 192;               435504
                 193;               434508
                 194;               437436
                 195;               433592
                 196;               436284
                 197;               439700
                 198;               431056
                 199;               430764
                 200;               440440
                 201;               446096
                 202;               439304
                 203;               474908
                 204;               427388
                 205;               432444
                 206;               437300
                 207;               436196
                 208;               437872
                 209;               435620
                 210;               426348
                 211;               438644
                 212;               435616
                 213;               438300
                 214;               432752
                 215;               432392
                 216;               436584
                 217;               431708
                 218;               436280
                 219;               438412
                 220;               431920
                 221;               437220
                 222;               433056
                 223;               441236
                 224;               434016
                 225;               437768
                 226;               437540
                 227;               442040
                 228;               466556
                 229;               434872
                 230;               432272
                 231;               434352
                 232;               436820
                 233;               439748
                 234;               437080
                 235;               422156
                 236;               441308
                 237;               435616
                 238;               434956
                 239;               432032
                 240;               434276
                 241;               434364
                 242;               432564
                 243;               437328
                 244;               429008
                 245;               425016
                 246;               436224
                 247;               435228
                 248;               431772
                 249;               422600
                 250;               432828
                 251;               502176
                 252;               500672
                 253;              1801284
                 254;               517200
                 255;               613916
                 256;               462432
                 257;               450532
                 258;               449768
                 259;               444552
                 260;               449700
                 261;               440508
                 262;               441724
                 263;               443464
                 264;               445236
                 265;               448788
                 266;               522740
                 267;               599184
                 268;               470108
                 269;               659448
                 270;               441584
                 271;               437752
                 272;               435980
                 273;               436136
                 274;               432976
                 275;               438220
                 276;               438388
                 277;               440240
                 278;               444688
                 279;               614892
                 280;               448916
                 281;               444956
                 282;               448964
                 283;               446996
                 284;               440472
                 285;               444856
                 286;               474968
                 287;               446412
                 288;               557948
                 289;               454080
                 290;               453104
                 291;               456152
                 292;               591968
                 293;               450400
                 294;               460212
                 295;               443240
                 296;               442820
                 297;               444460
                 298;               447100
                 299;               435796
                 300;               443260
                 301;               666996
                 302;               449056
                 303;               452180
                 304;               445964
                 305;               442004
                 306;               442672
                 307;               453984
                 308;               445628
                 309;               440252
                 310;               446332
                 311;               443276
                 312;               439796
                 313;               594368
                 314;               444976
                 315;               448420
                 316;               446620
                 317;               449856
                 318;               424128
                 319;               442400
                 320;               440008
                 321;               463744
                 322;               449564
                 323;               438132
                 324;               475036
                 325;               577276
                 326;               456584
                 327;               450832
                 328;               436508
                 329;               439212
                 330;               446232
                 331;               443912
                 332;               444332
                 333;               423812
                 334;               612764
                 335;               454616
                 336;               446484
                 337;               452904
                 338;              1214272
                 339;               442712
                 340;               451060
                 341;               448208
                 342;               444952
                 343;               442728
                 344;               433632
                 345;               442076
                 346;               441600
                 347;               505628
                 348;               454236
                 349;               441708
                 350;               448324
                 351;               564224
                 352;               491084
                 353;               466380
                 354;               486044
                 355;               459280
                 356;               501692
                 357;               816256
                 358;               455480
                 359;               453492
