                   0;              3343532
                   1;              2375468
                   2;              2371452
                   3;              2464596
                   4;              2411212
                   5;              2406536
                   6;              2653672
                   7;              2392840
                   8;              2363176
                   9;              2379924
                  10;              2376668
                  11;              2393392
                  12;              2383720
                  13;              2384912
                  14;              2377348
                  15;              2394968
                  16;              2378068
                  17;              2369384
                  18;              2377296
                  19;              2369060
                  20;              2371184
                  21;              2371872
                  22;              2373948
                  23;              2373132
                  24;              2376724
                  25;              2409960
                  26;              2400428
                  27;              2389152
                  28;              2398644
                  29;              2403712
                  30;              2367036
                  31;              2436652
                  32;              2389084
                  33;              2386040
                  34;              2383176
                  35;              2382632
                  36;              2379064
                  37;              2395100
                  38;              2381272
                  39;              2376732
                  40;              2373336
                  41;              2373172
                  42;              2375796
                  43;              2377640
                  44;              2370460
                  45;              2369248
                  46;              2375036
                  47;              2369220
                  48;              2403812
                  49;              2393888
                  50;              2408120
                  51;              2398172
                  52;              2394932
                  53;              2364592
                  54;              2366172
                  55;              2376108
                  56;              2384788
                  57;              2379712
                  58;              2387704
                  59;              2383940
                  60;              2382876
                  61;              2390008
                  62;              2377548
                  63;              2375224
                  64;              2369996
                  65;              2373324
                  66;              2375576
                  67;              2375864
                  68;              2374508
                  69;              2370316
                  70;              2377404
                  71;              2405800
                  72;              2424252
                  73;              2403360
                  74;              2402512
                  75;              2391912
                  76;              2384564
                  77;              2372828
                  78;              2376292
                  79;              2388924
                  80;              2395684
                  81;              2391072
                  82;              2381248
                  83;              2380828
                  84;              2379872
                  85;              2383756
                  86;              2374748
                  87;              2374672
                  88;              2375628
                  89;              2372968
                  90;              2372920
                  91;              2379136
                  92;              2373808
                  93;              2376988
                  94;              2407416
                  95;              2422740
                  96;              2513724
                  97;              3413884
                  98;              2375424
                  99;              2378828
                 100;              2395628
                 101;              2391220
                 102;              2392836
                 103;              2395952
                 104;              2390704
                 105;              2380728
                 106;              2391804
                 107;              2381524
                 108;              2377788
                 109;              2373948
                 110;              2379564
                 111;              2372312
                 112;              2380124
                 113;              2400084
                 114;              2400628
                 115;              2395568
                 116;              2425468
                 117;              2457740
                 118;              2439076
                 119;              2363644
                 120;              2373616
                 121;              2387660
                 122;              2395080
                 123;              2396280
                 124;              2387480
                 125;              2422624
                 126;              2423740
                 127;              2442196
                 128;              2387720
                 129;              2387332
                 130;              2388688
                 131;              2374316
                 132;              2377456
                 133;              2377288
                 134;              2375116
                 135;              2393700
                 136;              2372076
                 137;              2371028
                 138;              2382020
                 139;              2371768
                 140;              2375352
                 141;              2446064
                 142;              2401964
                 143;              2434128
                 144;              2405176
                 145;              2430664
                 146;              2368240
                 147;              2370284
                 148;              2375356
                 149;              2390448
                 150;              2384032
                 151;              2390628
                 152;              2396364
                 153;              2382520
                 154;              2373532
                 155;              2381952
                 156;              2382436
                 157;              2373844
                 158;              2375508
                 159;              2371256
                 160;              2380484
                 161;              2372872
                 162;              2372004
                 163;              2451740
                 164;              2409276
                 165;              2402660
                 166;              2394464
                 167;              2586764
                 168;              2407312
                 169;              2388360
                 170;              2369248
                 171;              2389052
                 172;              2381896
                 173;              2389968
                 174;              2375888
                 175;              2379228
                 176;              2378396
                 177;              2386008
                 178;              2387820
                 179;              2377164
                 180;              2374208
                 181;              2376880
                 182;              2373828
                 183;              2384248
                 184;              2373972
                 185;              2371448
                 186;              2374892
                 187;              2411648
                 188;              2397332
                 189;              2397092
                 190;              2388480
                 191;              2388840
                 192;              2365984
                 193;              2375192
                 194;              2385412
                 195;              2390140
                 196;              2380144
                 197;              2374364
                 198;              2391536
                 199;              2382396
                 200;              2372540
                 201;              2377584
                 202;              2381564
                 203;              2376988
                 204;              2374508
                 205;              2378728
                 206;              2374480
                 207;              2371780
                 208;              2372456
                 209;              2375320
                 210;              2408872
                 211;              2399804
                 212;              2405640
                 213;              2408072
                 214;              2396692
                 215;              2392928
                 216;              2366984
                 217;              2409236
                 218;              2374976
                 219;              2383388
                 220;              2382232
                 221;              2374980
                 222;              2383760
                 223;              2396620
                 224;              2374168
                 225;              2380348
                 226;              2368368
                 227;              2381844
                 228;              2371612
                 229;              2376004
                 230;              2379084
                 231;              2378536
                 232;              2373408
                 233;              2370420
                 234;              2407720
                 235;              2396636
                 236;              2403668
                 237;              2400452
                 238;              2402292
                 239;              2393956
                 240;              2366804
                 241;              2373456
                 242;              2367736
                 243;              2392372
                 244;              2394452
                 245;              2380908
                 246;              2387280
                 247;              2378392
                 248;              2390976
                 249;              2378492
                 250;              2389392
                 251;              2739928
                 252;              2938516
                 253;              2381576
                 254;              2486180
                 255;              2496696
                 256;              2404612
                 257;              2648636
                 258;              2418104
                 259;              2454892
                 260;              2587568
                 261;              2389712
                 262;              2398740
                 263;              2649804
                 264;              2388452
                 265;              2396024
                 266;              2381796
                 267;              2386136
                 268;              2380336
                 269;              2392760
                 270;              2633988
                 271;              2411836
                 272;              2601504
                 273;              2393560
                 274;              2470192
                 275;              2411828
                 276;              2400076
                 277;              2646628
                 278;              2394220
                 279;              2424004
                 280;              2425432
                 281;              2659056
                 282;              2418232
                 283;              2627324
                 284;              2395256
                 285;              2383532
                 286;              2605160
                 287;              2396592
                 288;              2389672
                 289;              2408272
                 290;              2407092
                 291;              3500828
                 292;              2771776
                 293;              2391384
                 294;              2599512
                 295;              2396800
                 296;              2394624
                 297;              2642636
                 298;              2413404
                 299;              2677284
                 300;              2429864
                 301;              2378468
                 302;              2626772
                 303;              2395436
                 304;              2398352
                 305;              2391384
                 306;              2634072
                 307;              2397060
                 308;              2390260
                 309;              2564848
                 310;              2391256
                 311;              2459428
                 312;              2565260
                 313;              2382044
                 314;              2584752
                 315;              2380352
                 316;              2420268
                 317;              2404196
                 318;              2635000
                 319;              2401932
                 320;              2407072
                 321;              2612808
                 322;              2388632
                 323;              2469172
                 324;              2381760
                 325;              2388004
                 326;              2666204
                 327;              2400436
                 328;              2380036
                 329;              2625528
                 330;              2392864
                 331;              2556232
                 332;              4228840
                 333;              2421324
                 334;              2637884
                 335;              2396280
                 336;              2409352
                 337;              2631052
                 338;              2399772
                 339;              2395536
                 340;              2565992
                 341;              2393120
                 342;              2603396
                 343;              2389584
                 344;              2395032
                 345;              2580056
                 346;              2390568
                 347;              2646064
                 348;              2396152
                 349;              2395360
                 350;              2619868
                 351;              2420212
                 352;              2486328
                 353;              2445988
                 354;              2482200
                 355;              2773308
                 356;              5117724
                 357;              2563536
                 358;              2390220
                 359;              2606116
