                   0;              4300676
                   1;              4288372
                   2;              4280668
                   3;              4273032
                   4;              4270884
                   5;              4271408
                   6;              4269628
                   7;              4272788
                   8;              4273532
                   9;              4272788
                  10;              4269592
                  11;              4273416
                  12;              4268488
                  13;              4269924
                  14;              4270524
                  15;              4270572
                  16;              4276692
                  17;              4274444
                  18;              4270828
                  19;              4268832
                  20;              4323356
                  21;              4328320
                  22;              4328240
                  23;              4330328
                  24;              4321696
                  25;              4330456
                  26;              4327012
                  27;              4327016
                  28;              4327236
                  29;              4316160
                  30;              4317460
                  31;              4311948
                  32;              4313508
                  33;              4317724
                  34;              4311384
                  35;              4312128
                  36;              4314500
                  37;              4313152
                  38;              4311324
                  39;              4314496
                  40;              4312204
                  41;              4311252
                  42;              4312492
                  43;              4319060
                  44;              4312680
                  45;              4315372
                  46;              4309836
                  47;              4309224
                  48;              4314564
                  49;              4315088
                  50;              4314444
                  51;              4313620
                  52;              4312592
                  53;              4314992
                  54;              4312848
                  55;              4311468
                  56;              4310312
                  57;              4314436
                  58;              4309948
                  59;              4305880
                  60;              4321344
                  61;              4311376
                  62;              4308816
                  63;              4315532
                  64;              4309232
                  65;              4317044
                  66;              4313196
                  67;              4308860
                  68;              4307324
                  69;              4310680
                  70;              4307080
                  71;              4269408
                  72;              4268444
                  73;              4271964
                  74;              4270532
                  75;              4273088
                  76;              4275056
                  77;              4270856
                  78;              4276044
                  79;              4278120
                  80;              4279448
                  81;              4277472
                  82;              4278752
                  83;              4282840
                  84;              4280352
                  85;              4274632
                  86;              4280936
                  87;              4283584
                  88;              4273072
                  89;              4276512
                  90;              4275968
                  91;              4272056
                  92;              4280380
                  93;              4274804
                  94;              4272948
                  95;              4274428
                  96;              4272904
                  97;              4268964
                  98;              4272456
                  99;              4274308
                 100;              4277156
                 101;              4273056
                 102;              4276044
                 103;              4273388
                 104;              4273284
                 105;              4268480
                 106;              4269484
                 107;              4273616
                 108;              4277464
                 109;              4273312
                 110;              4271388
                 111;              4273696
                 112;              4269112
                 113;              4272604
                 114;              4271420
                 115;              4269904
                 116;              4272632
                 117;              4277020
                 118;              4271432
                 119;              4559020
                 120;              4280632
                 121;              4276960
                 122;              4281628
                 123;              4506836
                 124;              4328768
                 125;              4323996
                 126;              4314784
                 127;              4355800
                 128;              4317232
                 129;              4316012
                 130;              4314528
                 131;              4319120
                 132;              4313548
                 133;              4315660
                 134;              4310640
                 135;              4316852
                 136;              4315056
                 137;              4319456
                 138;              4312852
                 139;              4316376
                 140;              4316856
                 141;              4312424
                 142;              4315896
                 143;              4308772
                 144;              4314192
                 145;              4310188
                 146;              4313436
                 147;              4307776
                 148;              4310508
                 149;              4309504
                 150;              4305832
                 151;              4311244
                 152;              4307668
                 153;              4312308
                 154;              4308288
                 155;              4320472
                 156;              4310996
                 157;              4308664
                 158;              4310660
                 159;              4304584
                 160;              4307596
                 161;              4309076
                 162;              4313208
                 163;              4308788
                 164;              4315112
                 165;              4305412
                 166;              4310632
                 167;              4311224
                 168;              4305332
                 169;              4271536
                 170;              4272560
                 171;              4270696
                 172;              4277468
                 173;              4277336
                 174;              4274388
                 175;              4278448
                 176;              4278288
                 177;              4278556
                 178;              4286108
                 179;              4279864
                 180;              4282480
                 181;              4281924
                 182;              4278312
                 183;              4277532
                 184;              4272268
                 185;              4273444
                 186;              4274324
                 187;              4276244
                 188;              4274840
                 189;              4276876
                 190;              4271932
                 191;              4273164
                 192;              4270096
                 193;              4274008
                 194;              4272904
                 195;              4281864
                 196;              4273188
                 197;              4273004
                 198;              4272992
                 199;              4269968
                 200;              4270768
                 201;              4270240
                 202;              4269648
                 203;              4272464
                 204;              4271904
                 205;              4272812
                 206;              4268048
                 207;              4270028
                 208;              4275132
                 209;              4273112
                 210;              4271200
                 211;              4272348
                 212;              4269536
                 213;              4274976
                 214;              4267784
                 215;              4287992
                 216;              4269592
                 217;              4271200
                 218;              4269376
                 219;              4269096
                 220;              4273928
                 221;              4271176
                 222;              4270276
                 223;              4270004
                 224;              4267956
                 225;              4273600
                 226;              4270644
                 227;              4271304
                 228;              4271784
                 229;              4273180
                 230;              4267796
                 231;              4274504
                 232;              4269004
                 233;              4273212
                 234;              4271952
                 235;              4308812
                 236;              4313228
                 237;              4320972
                 238;              4318312
                 239;              4310616
                 240;              4315240
                 241;              4318308
                 242;              4339784
                 243;              4317224
                 244;              4314732
                 245;              4313172
                 246;              4308032
                 247;              4311936
                 248;              4316860
                 249;              4316528
                 250;              4324504
                 251;              4317360
                 252;              4316460
                 253;              4312964
                 254;              4309628
                 255;              4386776
                 256;              4444856
                 257;              4416172
                 258;              4331792
                 259;              4329884
                 260;              4330612
                 261;              4279524
                 262;              4311544
                 263;              4306656
                 264;              4272692
                 265;              4310808
                 266;              4312724
                 267;              4697404
                 268;              4289888
                 269;              4292428
                 270;              4553308
                 271;              4284252
                 272;              4279776
                 273;              4302552
                 274;              4437184
                 275;              4374272
                 276;              4343736
                 277;              4424884
                 278;              4314636
                 279;              4327240
                 280;              4371740
                 281;              4386068
                 282;              4301028
                 283;              4298252
                 284;              4310424
                 285;              4346612
                 286;              4379816
                 287;              4322512
                 288;              4354364
                 289;              4403360
                 290;              4299668
                 291;              4303508
                 292;              4356236
                 293;              4325136
                 294;              4299392
                 295;              4332908
                 296;              4373892
                 297;              4312212
                 298;              4275296
                 299;              4299968
                 300;              4313764
                 301;              4364320
                 302;              4281540
                 303;              4317080
                 304;              4352356
                 305;              4272016
                 306;              4296684
                 307;              4316136
                 308;              4282116
                 309;              4277740
                 310;              4279084
                 311;              4659448
                 312;              4278452
                 313;              4281108
                 314;              4356108
                 315;              4311176
                 316;              4303568
                 317;              4316136
                 318;              4329836
                 319;              4344532
                 320;              4353552
                 321;              4316556
                 322;              4352868
                 323;              4313224
                 324;              4313128
                 325;              4372492
                 326;              4311512
                 327;              4294136
                 328;              4311560
                 329;              4313980
                 330;              4347260
                 331;              4304044
                 332;              4313264
                 333;              4352176
                 334;              4300632
                 335;              4314820
                 336;              4341748
                 337;              4313632
                 338;              4292008
                 339;              4271172
                 340;              4271012
                 341;              4300732
                 342;              4293204
                 343;              4275504
                 344;              4303272
                 345;              4278528
                 346;              4282504
                 347;              4328508
                 348;              4281148
                 349;              4297420
                 350;              4315780
                 351;              4272608
                 352;              4270224
                 353;              4276964
                 354;              4295492
                 355;              4315524
                 356;              4279692
                 357;              4279820
                 358;              4467924
                 359;              4334040
