                   0;               736188
                   1;               673856
                   2;               606268
                   3;               605840
                   4;               599092
                   5;               613552
                   6;               606024
                   7;               598496
                   8;               603116
                   9;               600544
                  10;               598232
                  11;               594492
                  12;               644460
                  13;               598024
                  14;               598296
                  15;               593948
                  16;               596148
                  17;               597712
                  18;               595268
                  19;               595364
                  20;               596316
                  21;               597948
                  22;               593804
                  23;               596776
                  24;               598088
                  25;               594276
                  26;               598276
                  27;               595920
                  28;               596452
                  29;               589236
                  30;               595180
                  31;               595612
                  32;               600292
                  33;               597792
                  34;               595204
                  35;               595908
                  36;               591872
                  37;               596536
                  38;               599792
                  39;               594824
                  40;               595256
                  41;               634860
                  42;               601160
                  43;               598396
                  44;               593700
                  45;               592180
                  46;               599272
                  47;               599792
                  48;               599544
                  49;               622544
                  50;               596392
                  51;               601784
                  52;               588072
                  53;               598676
                  54;               603640
                  55;               602056
                  56;               596496
                  57;               599536
                  58;               599264
                  59;               600120
                  60;               595696
                  61;               595340
                  62;               598876
                  63;               596364
                  64;               597376
                  65;               597692
                  66;               597768
                  67;               597836
                  68;               597996
                  69;               581336
                  70;               592048
                  71;               599252
                  72;               592980
                  73;               593588
                  74;               595324
                  75;               601228
                  76;               597580
                  77;               600592
                  78;               633816
                  79;               587748
                  80;               595612
                  81;               597660
                  82;               594708
                  83;               600804
                  84;               595480
                  85;               603712
                  86;               599236
                  87;               600500
                  88;               595716
                  89;               593820
                  90;               598716
                  91;               596720
                  92;               599752
                  93;               601312
                  94;               600568
                  95;               592644
                  96;               582128
                  97;               595616
                  98;               599120
                  99;               635572
                 100;               595508
                 101;               599640
                 102;               595648
                 103;               595756
                 104;               600664
                 105;               595576
                 106;               603460
                 107;               637292
                 108;               593540
                 109;               596736
                 110;               593608
                 111;               596120
                 112;               601968
                 113;               598532
                 114;               596772
                 115;               606536
                 116;               585452
                 117;               598500
                 118;               600732
                 119;               597124
                 120;               597136
                 121;               595564
                 122;               598900
                 123;               593316
                 124;               597504
                 125;               601028
                 126;               589524
                 127;               596884
                 128;               636668
                 129;               595548
                 130;               597356
                 131;               594424
                 132;               595932
                 133;               601844
                 134;               596644
                 135;               598392
                 136;               642812
                 137;               596452
                 138;               595364
                 139;               597324
                 140;               597668
                 141;               603124
                 142;               597960
                 143;               586276
                 144;               594412
                 145;               598028
                 146;               592156
                 147;               599632
                 148;               602984
                 149;               594828
                 150;               598436
                 151;               597000
                 152;               597316
                 153;               588240
                 154;               597612
                 155;               593708
                 156;               596964
                 157;               633216
                 158;               595732
                 159;               598976
                 160;               596832
                 161;               595060
                 162;               601128
                 163;               582248
                 164;               597596
                 165;               643416
                 166;               602332
                 167;               597020
                 168;               598448
                 169;               598548
                 170;               597544
                 171;               595328
                 172;               598744
                 173;               588080
                 174;               594456
                 175;               599724
                 176;               595384
                 177;               596296
                 178;               593336
                 179;               598340
                 180;               588140
                 181;               594228
                 182;               599108
                 183;               602084
                 184;               598592
                 185;               601300
                 186;               637336
                 187;               595584
                 188;               598928
                 189;               595484
                 190;               582956
                 191;               602244
                 192;               596308
                 193;               594232
                 194;               642084
                 195;               594000
                 196;               600656
                 197;               593552
                 198;               598844
                 199;               595028
                 200;               590076
                 201;               595888
                 202;               596420
                 203;               595492
                 204;               597356
                 205;               595352
                 206;               597704
                 207;               586188
                 208;               596148
                 209;               594944
                 210;               584136
                 211;               596284
                 212;               597148
                 213;               594724
                 214;               595888
                 215;               633896
                 216;               595576
                 217;               596064
                 218;               596420
                 219;               597768
                 220;               594280
                 221;               595708
                 222;               597504
                 223;               595496
                 224;               595372
                 225;               595432
                 226;               594572
                 227;               585288
                 228;               592520
                 229;               592892
                 230;               601512
                 231;               594276
                 232;               595140
                 233;               595360
                 234;               588340
                 235;               594040
                 236;               636828
                 237;               580616
                 238;               595344
                 239;               607528
                 240;               660676
                 241;               620652
                 242;               650300
                 243;               601456
                 244;               613260
                 245;               600008
                 246;               599740
                 247;               602464
                 248;               596616
                 249;               599892
                 250;               639776
                 251;               610928
                 252;               618368
                 253;               614496
                 254;               617184
                 255;               612724
                 256;               605480
                 257;               646540
                 258;               605624
                 259;               604152
                 260;               599532
                 261;               599700
                 262;               643184
                 263;               585740
                 264;               603396
                 265;               604464
                 266;               607176
                 267;               605928
                 268;               600960
                 269;               609340
                 270;               603916
                 271;               612844
                 272;               653984
                 273;               620108
                 274;               600980
                 275;               605292
                 276;               601212
                 277;               602000
                 278;               597164
                 279;               596148
                 280;               587992
                 281;               606656
                 282;               597332
                 283;               591348
                 284;               598832
                 285;               623692
                 286;               605032
                 287;               604044
                 288;               628684
                 289;               598164
                 290;               596104
                 291;               596944
                 292;               595588
                 293;               599892
                 294;               595928
                 295;               594028
                 296;               645632
                 297;               597120
                 298;               598448
                 299;               595872
                 300;               591420
                 301;               599436
                 302;               596816
                 303;               584692
                 304;               595520
                 305;               594572
                 306;               601932
                 307;               588052
                 308;               595316
                 309;               596044
                 310;               603568
                 311;               619796
                 312;               600244
                 313;               602852
                 314;               605044
                 315;               612572
                 316;               685696
                 317;               600988
                 318;               605288
                 319;               606652
                 320;               631820
                 321;               601828
                 322;               604700
                 323;               591832
                 324;               606200
                 325;               620908
                 326;               621232
                 327;               605704
                 328;               607444
                 329;               609520
                 330;               605052
                 331;               601612
                 332;               605096
                 333;               616172
                 334;               599208
                 335;               601520
                 336;               592500
                 337;               622296
                 338;               637368
                 339;               641504
                 340;               595860
                 341;               602452
                 342;               608008
                 343;               616824
                 344;               603936
                 345;               600868
                 346;               604484
                 347;               602428
                 348;               603592
                 349;               608036
                 350;               609296
                 351;               602768
                 352;               601004
                 353;               600212
                 354;               608520
                 355;               650924
                 356;               590724
                 357;               605864
                 358;               647696
                 359;               608660
