                   0;             97287884
                   1;             89385492
                   2;             79485612
                   3;             88635168
                   4;             88415808
                   5;             78568924
                   6;             80432336
                   7;             91271612
                   8;             91352420
                   9;             91314732
                  10;             91190016
                  11;             91254672
                  12;             92188208
                  13;             91358888
                  14;             91363848
                  15;             91209888
                  16;             92080800
                  17;             91431524
                  18;             91253860
                  19;             91277072
                  20;             91255336
                  21;             91399180
                  22;             91463160
                  23;             91360836
                  24;             91335368
                  25;             91280112
                  26;             91490504
                  27;             91400084
                  28;             91395896
                  29;             91312888
                  30;             92784692
                  31;             91240840
                  32;             91252608
                  33;             91223040
                  34;             91233832
                  35;             91480048
                  36;             91280252
                  37;             91495356
                  38;             91343868
                  39;             91339392
                  40;             91326244
                  41;             91235676
                  42;             91248704
                  43;             91310408
                  44;             93127352
                  45;             91241840
                  46;             91157456
                  47;             91234048
                  48;             91324784
                  49;             91283380
                  50;             91242628
                  51;             91510020
                  52;             91195460
                  53;             91343244
                  54;             91242908
                  55;             91138956
                  56;             91153732
                  57;             91119192
                  58;             92241132
                  59;             91183348
                  60;             91199356
                  61;             91214580
                  62;             91234092
                  63;             91297564
                  64;             91174600
                  65;             91349588
                  66;             91201236
                  67;             91155304
                  68;             91123264
                  69;             91085316
                  70;             91099276
                  71;             92028156
                  72;             91522072
                  73;             91171768
                  74;             91340132
                  75;             91111760
                  76;             91316368
                  77;             91125840
                  78;             91193352
                  79;             91019712
                  80;             91127180
                  81;             91046264
                  82;             91124984
                  83;             91057592
                  84;             90783040
                  85;             91814432
                  86;             91572104
                  87;             91043816
                  88;             91338200
                  89;             91066280
                  90;             91128148
                  91;             91099340
                  92;             91041284
                  93;             91034920
                  94;             91066392
                  95;             91191428
                  96;             91316508
                  97;             91043484
                  98;             91262624
                  99;             91918692
                 100;             91184944
                 101;             91092116
                 102;             91064444
                 103;             91025024
                 104;             91063756
                 105;             90985680
                 106;             91113584
                 107;             91091228
                 108;             91167400
                 109;             91317980
                 110;             91178496
                 111;             91112428
                 112;             91094900
                 113;             92104508
                 114;             91025048
                 115;             90943344
                 116;             91072676
                 117;             91408684
                 118;             91142076
                 119;             91073228
                 120;             91439388
                 121;             91148340
                 122;             91076124
                 123;             90961700
                 124;             91026700
                 125;             90972100
                 126;             90906928
                 127;             91456384
                 128;             92832732
                 129;             91037376
                 130;             91053108
                 131;             91033816
                 132;             91088412
                 133;             90872484
                 134;             91012744
                 135;             90998224
                 136;             90951296
                 137;             91004500
                 138;             90922068
                 139;             91118024
                 140;             91723372
                 141;             91739716
                 142;             91043404
                 143;             90963580
                 144;             90988612
                 145;             91000644
                 146;             90959360
                 147;             90960528
                 148;             90995696
                 149;             91109508
                 150;             90968608
                 151;             91149308
                 152;             90932248
                 153;             90900940
                 154;             92092028
                 155;             91030992
                 156;             90928276
                 157;             90917480
                 158;             92474148
                 159;             90915388
                 160;             91100020
                 161;             91114528
                 162;             91102900
                 163;             91989004
                 164;             90962208
                 165;             90913564
                 166;             90999824
                 167;             91034592
                 168;             92325792
                 169;             91672840
                 170;             91697108
                 171;             91941904
                 172;             92256048
                 173;             92500796
                 174;             92669392
                 175;             92999972
                 176;             93373648
                 177;             93609528
                 178;             93123228
                 179;             93077956
                 180;             92858440
                 181;             93021408
                 182;             93835640
                 183;             92783600
                 184;             93459684
                 185;             92725072
                 186;             92513224
                 187;             92676040
                 188;             93399608
                 189;             92553880
                 190;             93249560
                 191;             92586436
                 192;             93217712
                 193;             93121724
                 194;             92966896
                 195;             94271080
                 196;             92940832
                 197;             92930204
                 198;             92806780
                 199;             93162100
                 200;             92736284
                 201;             92871800
                 202;             92462108
                 203;             92276628
                 204;             92296424
                 205;             92243472
                 206;             92224236
                 207;             92209448
                 208;             93142140
                 209;             92675032
                 210;             92273848
                 211;             92244432
                 212;             92293920
                 213;             92629188
                 214;             92420584
                 215;             91848392
                 216;             92032520
                 217;             92031252
                 218;             92094572
                 219;             91973636
                 220;             91950128
                 221;             91949488
                 222;             92985540
                 223;             91886392
                 224;             91900740
                 225;             91916848
                 226;             91859728
                 227;             91925308
                 228;             91823572
                 229;             91904172
                 230;             91891372
                 231;             91853436
                 232;             91899204
                 233;             91972540
                 234;             91868776
                 235;             91834876
                 236;             93052620
                 237;             91826256
                 238;             91857832
                 239;             91838128
                 240;             91758788
                 241;             91822132
                 242;             91812124
                 243;             91787308
                 244;             91802936
                 245;             91866872
                 246;             92652676
                 247;             92377088
                 248;             92687492
                 249;             92252184
                 250;             91893664
                 251;             91867920
                 252;             91954640
                 253;             92095668
                 254;             91913928
                 255;             91924248
                 256;             91807936
                 257;             92050560
                 258;             92674064
                 259;             92802308
                 260;             92796784
                 261;             93449536
                 262;             92782144
                 263;             92748652
                 264;             92765000
                 265;             92967264
                 266;             93752152
                 267;             92827288
                 268;             92738328
                 269;             92676228
                 270;             92684176
                 271;             93524148
                 272;             92631384
                 273;             92590328
                 274;             92530376
                 275;             92719960
                 276;             93258228
                 277;             92593908
                 278;             92694700
                 279;             92879948
                 280;             92752212
                 281;             93272312
                 282;             92786036
                 283;             92723868
                 284;             92725564
                 285;             92799060
                 286;             93252480
                 287;             92518036
                 288;             92674748
                 289;             92800484
                 290;             92718516
                 291;             93293452
                 292;             92563732
                 293;             92550104
                 294;             92739388
                 295;             92499824
                 296;             93402604
                 297;             92547152
                 298;             92579336
                 299;             92790792
                 300;             92581848
                 301;             92255884
                 302;             92216404
                 303;             92420612
                 304;             92138968
                 305;             92217564
                 306;             92107196
                 307;             92084076
                 308;             92181724
                 309;             92498740
                 310;             92132228
                 311;             92760700
                 312;             92455596
                 313;             92353612
                 314;             92431724
                 315;             93213896
                 316;             92072500
                 317;             92423936
                 318;             92353988
                 319;             92237816
                 320;             92917348
                 321;             92151500
                 322;             92003068
                 323;             91974500
                 324;             92132044
                 325;             93215884
                 326;             92347188
                 327;             92346976
                 328;             92468472
                 329;             92566572
                 330;             92909836
                 331;             92621864
                 332;             92565392
                 333;             92533740
                 334;             92578860
                 335;             93210996
                 336;             92828992
                 337;             92413320
                 338;             92440996
                 339;             92366240
                 340;             92898320
                 341;             91348864
                 342;             91491220
                 343;             91396096
                 344;             91413476
                 345;             91481840
                 346;             91548632
                 347;             91601328
                 348;             91815872
                 349;             92417320
                 350;             92983300
                 351;             92459112
                 352;             92440552
                 353;             92126632
                 354;             91963244
                 355;             92686476
                 356;             92012200
                 357;             92006252
                 358;             92707180
                 359;             91011180
