                   0;            194392460
                   1;            188176520
                   2;            188191240
                   3;            188230868
                   4;            188270660
                   5;            189323148
                   6;            188189088
                   7;            188250432
                   8;            188156828
                   9;            188219756
                  10;            188276032
                  11;            188243704
                  12;            189057680
                  13;            188438636
                  14;            188236376
                  15;            188201100
                  16;            188226496
                  17;            188317056
                  18;            188376320
                  19;            188209952
                  20;            188641092
                  21;            188349912
                  22;            188211860
                  23;            188832176
                  24;            188210740
                  25;            188248812
                  26;            188274752
                  27;            189283820
                  28;            188253884
                  29;            188837972
                  30;            188182580
                  31;            188474412
                  32;            188266888
                  33;            189013624
                  34;            189212140
                  35;            188220428
                  36;            188263056
                  37;            188212988
                  38;            188239768
                  39;            188338036
                  40;            188252940
                  41;            189264300
                  42;            188314936
                  43;            188270940
                  44;            188210264
                  45;            188166020
                  46;            188172932
                  47;            188193376
                  48;            189151516
                  49;            188161544
                  50;            188388484
                  51;            188141756
                  52;            188142608
                  53;            188493944
                  54;            188057104
                  55;            189083980
                  56;            188122492
                  57;            188109928
                  58;            188149700
                  59;            188115732
                  60;            188090796
                  61;            188116564
                  62;            189166880
                  63;            188563092
                  64;            188153188
                  65;            188213272
                  66;            188283144
                  67;            188083168
                  68;            188139008
                  69;            188771140
                  70;            188318516
                  71;            188066608
                  72;            188077092
                  73;            188040732
                  74;            188133860
                  75;            188010060
                  76;            188030156
                  77;            189031528
                  78;            188043528
                  79;            188017304
                  80;            188067264
                  81;            187997000
                  82;            188027916
                  83;            188021836
                  84;            189020840
                  85;            188087020
                  86;            188105636
                  87;            188070220
                  88;            188021504
                  89;            188158796
                  90;            188230620
                  91;            189116672
                  92;            188038708
                  93;            187991748
                  94;            187999480
                  95;            188659712
                  96;            187993116
                  97;            188039924
                  98;            189039716
                  99;            188048800
                 100;            187980560
                 101;            187966276
                 102;            187955944
                 103;            187959236
                 104;            187997540
                 105;            188985212
                 106;            188021416
                 107;            188017824
                 108;            187981368
                 109;            188401204
                 110;            188008084
                 111;            188034124
                 112;            188835356
                 113;            188085140
                 114;            188143064
                 115;            188038084
                 116;            187996632
                 117;            187979996
                 118;            188051260
                 119;            188000396
                 120;            188274460
                 121;            188096500
                 122;            187995324
                 123;            190491580
                 124;            188086096
                 125;            187942572
                 126;            187948836
                 127;            187915836
                 128;            187947600
                 129;            189336332
                 130;            187957020
                 131;            188566348
                 132;            187941744
                 133;            188074436
                 134;            187992696
                 135;            187930364
                 136;            187908772
                 137;            188068456
                 138;            188069152
                 139;            188012980
                 140;            187922644
                 141;            187947800
                 142;            187960180
                 143;            188012140
                 144;            187969784
                 145;            188011776
                 146;            188649532
                 147;            188012076
                 148;            187934760
                 149;            187992688
                 150;            188163544
                 151;            187961404
                 152;            188721324
                 153;            187950684
                 154;            187926980
                 155;            187985132
                 156;            187937040
                 157;            188571928
                 158;            188031508
                 159;            188029640
                 160;            189286476
                 161;            188035968
                 162;            187992840
                 163;            187959592
                 164;            187881544
                 165;            187916964
                 166;            187925220
                 167;            187895624
                 168;            187919212
                 169;            187963648
                 170;            187874084
                 171;            188120448
                 172;            187905016
                 173;            187895660
                 174;            187978724
                 175;            187900824
                 176;            188033952
                 177;            187909840
                 178;            187942316
                 179;            187970616
                 180;            187907320
                 181;            189256868
                 182;            188089884
                 183;            188028676
                 184;            187951220
                 185;            188128380
                 186;            188112308
                 187;            188025460
                 188;            187982156
                 189;            188065656
                 190;            187992088
                 191;            187937676
                 192;            187992736
                 193;            188104304
                 194;            187973304
                 195;            188034644
                 196;            188022680
                 197;            187960436
                 198;            187947504
                 199;            188384648
                 200;            188627012
                 201;            187982148
                 202;            187894516
                 203;            187912580
                 204;            187874060
                 205;            187893620
                 206;            187982556
                 207;            187923784
                 208;            187850036
                 209;            188094772
                 210;            187983376
                 211;            187888968
                 212;            187903712
                 213;            187865456
                 214;            187951344
                 215;            187898944
                 216;            187908244
                 217;            187864628
                 218;            187871424
                 219;            187862468
                 220;            187810980
                 221;            187779744
                 222;            187767708
                 223;            187757676
                 224;            187890296
                 225;            187897700
                 226;            187867008
                 227;            187923544
                 228;            187933836
                 229;            188055604
                 230;            188009872
                 231;            188011760
                 232;            188019852
                 233;            188301944
                 234;            188191500
                 235;            188237440
                 236;            188143052
                 237;            188134588
                 238;            188199564
                 239;            188145152
                 240;            188204284
                 241;            188172168
                 242;            188285432
                 243;            188252528
                 244;            188192708
                 245;            188171292
                 246;            190582560
                 247;            189678448
                 248;            189314456
                 249;            189250316
                 250;            189246460
                 251;            188582300
                 252;            189302660
                 253;            189281512
                 254;            189314072
                 255;            189214876
                 256;            189614508
                 257;            189409784
                 258;            189295544
                 259;            189240068
                 260;            189364604
                 261;            189224248
                 262;            189234736
                 263;            189201808
                 264;            189402364
                 265;            191210728
                 266;            189245656
                 267;            189133048
                 268;            189239908
                 269;            190444612
                 270;            191127472
                 271;            192345716
                 272;            191617504
                 273;            191054036
                 274;            190980376
                 275;            191348088
                 276;            191361156
                 277;            190768724
                 278;            191384992
                 279;            191132792
                 280;            190722128
                 281;            190249356
                 282;            189116428
                 283;            189016984
                 284;            189070240
                 285;            189198508
                 286;            188897772
                 287;            188804712
                 288;            188792572
                 289;            189103132
                 290;            189093028
                 291;            189023908
                 292;            189522336
                 293;            189073392
                 294;            189051664
                 295;            189090632
                 296;            189152400
                 297;            189080512
                 298;            189077512
                 299;            189410592
                 300;            189581392
                 301;            189161240
                 302;            189266784
                 303;            189170720
                 304;            189131444
                 305;            189310504
                 306;            189266200
                 307;            189304656
                 308;            189307504
                 309;            189271048
                 310;            189504452
                 311;            189236712
                 312;            190360284
                 313;            189513172
                 314;            189699160
                 315;            189204484
                 316;            189225376
                 317;            189181832
                 318;            189311612
                 319;            189297068
                 320;            189703400
                 321;            189287636
                 322;            189285032
                 323;            191149412
                 324;            189394844
                 325;            189409912
                 326;            189229728
                 327;            189218476
                 328;            189425892
                 329;            189438500
                 330;            189276812
                 331;            189242108
                 332;            189554216
                 333;            189341084
                 334;            189588252
                 335;            189430192
                 336;            189361924
                 337;            189320904
                 338;            189288332
                 339;            189620556
                 340;            189259252
                 341;            189259924
                 342;            189462196
                 343;            189346348
                 344;            189880852
                 345;            189716272
                 346;            190936360
                 347;            191195616
                 348;            191202540
                 349;            189767308
                 350;            189809024
                 351;            191581832
                 352;            189984876
                 353;            191566076
                 354;            189836808
                 355;            189751744
                 356;            191476492
                 357;            189781232
                 358;            190793664
                 359;            192189280
