                   0;             61994004
                   1;             57185328
                   2;             57359028
                   3;             57227696
                   4;             58185372
                   5;             57316544
                   6;             57408944
                   7;             57408768
                   8;             57203088
                   9;             57200340
                  10;             57439780
                  11;             57416400
                  12;             57416312
                  13;             57455032
                  14;             57418176
                  15;             57425768
                  16;             57407212
                  17;             57415384
                  18;             57444164
                  19;             57418432
                  20;             57420884
                  21;             57430556
                  22;             57398592
                  23;             57235488
                  24;             57959264
                  25;             57317780
                  26;             57314284
                  27;             57424244
                  28;             57433560
                  29;             57261160
                  30;             57285696
                  31;             57429216
                  32;             57414504
                  33;             57425376
                  34;             57389748
                  35;             57413396
                  36;             57409132
                  37;             57225972
                  38;             57404756
                  39;             57402916
                  40;             57217712
                  41;             57421824
                  42;             57394788
                  43;             57413460
                  44;             57960876
                  45;             57391464
                  46;             57387944
                  47;             57376220
                  48;             57395784
                  49;             57219972
                  50;             57180624
                  51;             57259044
                  52;             57375280
                  53;             57372300
                  54;             57361576
                  55;             57337956
                  56;             57350004
                  57;             57383876
                  58;             57364640
                  59;             57176596
                  60;             57597820
                  61;             57505168
                  62;             57456184
                  63;             57364616
                  64;             57374524
                  65;             58128272
                  66;             57148060
                  67;             57373424
                  68;             57436496
                  69;             57190944
                  70;             57368500
                  71;             57159620
                  72;             57142364
                  73;             57169804
                  74;             57154116
                  75;             57347744
                  76;             57331736
                  77;             57141248
                  78;             57333576
                  79;             57320436
                  80;             57340196
                  81;             57163476
                  82;             57329728
                  83;             57123640
                  84;             57343276
                  85;             58047360
                  86;             57156248
                  87;             57335956
                  88;             57136288
                  89;             57340404
                  90;             57331264
                  91;             57322272
                  92;             57365292
                  93;             57322500
                  94;             57329024
                  95;             57373296
                  96;             57117532
                  97;             57176336
                  98;             57341992
                  99;             57394536
                 100;             57350188
                 101;             57316136
                 102;             57345376
                 103;             57433736
                 104;             57324656
                 105;             57578168
                 106;             57279088
                 107;             57313944
                 108;             57368244
                 109;             57325416
                 110;             57384780
                 111;             57312116
                 112;             57343048
                 113;             57333344
                 114;             57102536
                 115;             57321640
                 116;             57331900
                 117;             57303368
                 118;             57326896
                 119;             57290764
                 120;             57320052
                 121;             57404932
                 122;             57303940
                 123;             57294572
                 124;             57310504
                 125;             57301384
                 126;             57826576
                 127;             57185268
                 128;             57546620
                 129;             57121560
                 130;             57084852
                 131;             57305992
                 132;             57297376
                 133;             57280916
                 134;             57299236
                 135;             57080852
                 136;             57273180
                 137;             57319564
                 138;             57265432
                 139;             57088784
                 140;             57320380
                 141;             57320072
                 142;             57110404
                 143;             57339556
                 144;             57301864
                 145;             57298788
                 146;             57956592
                 147;             57151008
                 148;             57326564
                 149;             57278740
                 150;             57322104
                 151;             57344796
                 152;             57297116
                 153;             57326772
                 154;             57102184
                 155;             57305812
                 156;             57318404
                 157;             57303236
                 158;             57288760
                 159;             57128820
                 160;             57102792
                 161;             57292464
                 162;             57277072
                 163;             57288908
                 164;             57125076
                 165;             57283792
                 166;             57148704
                 167;             57580028
                 168;             57293936
                 169;             57300032
                 170;             57303372
                 171;             57296536
                 172;             57111868
                 173;             57055288
                 174;             57281184
                 175;             57110708
                 176;             57096556
                 177;             57294604
                 178;             57123028
                 179;             57298640
                 180;             57113172
                 181;             57317708
                 182;             57291184
                 183;             57288324
                 184;             57311400
                 185;             57311880
                 186;             57313160
                 187;             58001056
                 188;             57405756
                 189;             57409504
                 190;             57326704
                 191;             57303916
                 192;             57294932
                 193;             57291172
                 194;             57103600
                 195;             57283960
                 196;             57970668
                 197;             57318204
                 198;             57345256
                 199;             57347780
                 200;             57276332
                 201;             57255356
                 202;             57295164
                 203;             57284268
                 204;             57250392
                 205;             57061692
                 206;             57048352
                 207;             57839036
                 208;             57437412
                 209;             57248696
                 210;             57290876
                 211;             57256516
                 212;             57263256
                 213;             57282140
                 214;             57244608
                 215;             57269168
                 216;             57277844
                 217;             57241640
                 218;             57041420
                 219;             56997716
                 220;             57228524
                 221;             57222968
                 222;             57223716
                 223;             57216288
                 224;             57056484
                 225;             57236000
                 226;             57267280
                 227;             57306916
                 228;             58161720
                 229;             57403904
                 230;             57360400
                 231;             57328888
                 232;             57338168
                 233;             57148056
                 234;             57390328
                 235;             57420580
                 236;             57394328
                 237;             57225788
                 238;             57453556
                 239;             57429996
                 240;             57416000
                 241;             57245792
                 242;             57249236
                 243;             57248980
                 244;             57439760
                 245;             57460360
                 246;             57402656
                 247;             57255632
                 248;             58118560
                 249;             57773064
                 250;             57455928
                 251;             58293044
                 252;             57636536
                 253;             57583708
                 254;             57427268
                 255;             57417188
                 256;             57465984
                 257;             57426384
                 258;             57473068
                 259;             57585256
                 260;             57652700
                 261;             58010520
                 262;             58021152
                 263;             57844480
                 264;             58513760
                 265;             58033024
                 266;             58079388
                 267;             57895232
                 268;             58464684
                 269;             57826160
                 270;             57414524
                 271;             57671104
                 272;             57898484
                 273;             57266216
                 274;             57772892
                 275;             57287304
                 276;             58334408
                 277;             57463020
                 278;             57829416
                 279;             57462972
                 280;             58030208
                 281;             57477768
                 282;             57453588
                 283;             57738376
                 284;             57480268
                 285;             57736672
                 286;             57447144
                 287;             57962484
                 288;             57459952
                 289;             58194708
                 290;             57955148
                 291;             58057880
                 292;             57906300
                 293;             57919404
                 294;             58213880
                 295;             57939612
                 296;             58064300
                 297;             57941916
                 298;             58112080
                 299;             57832636
                 300;             58138576
                 301;             57928152
                 302;             58124516
                 303;             57899304
                 304;             57933040
                 305;             58070584
                 306;             57886432
                 307;             58121676
                 308;             57918592
                 309;             58608864
                 310;             57989708
                 311;             58055844
                 312;             57918852
                 313;             58122604
                 314;             57882412
                 315;             57903180
                 316;             58043592
                 317;             57813000
                 318;             58158072
                 319;             57847064
                 320;             58132484
                 321;             57867132
                 322;             57820952
                 323;             58127372
                 324;             57921648
                 325;             57703496
                 326;             57374528
                 327;             57349356
                 328;             57367140
                 329;             57952168
                 330;             57475064
                 331;             57397452
                 332;             57368952
                 333;             57441248
                 334;             57376832
                 335;             57373956
                 336;             57453836
                 337;             57388852
                 338;             57406148
                 339;             57380476
                 340;             57389644
                 341;             57368512
                 342;             57373048
                 343;             57361784
                 344;             57378744
                 345;             57376724
                 346;             57377812
                 347;             57184832
                 348;             57370684
                 349;             58307004
                 350;             57494720
                 351;             57383752
                 352;             57385024
                 353;             57389068
                 354;             57370324
                 355;             57379584
                 356;             57415836
                 357;             57387900
                 358;             57365756
                 359;             57365336
