                   0;             30532756
                   1;             27245232
                   2;             27480280
                   3;             27385928
                   4;             28837276
                   5;             27664684
                   6;             27846032
                   7;             27880232
                   8;             27992312
                   9;             27997104
                  10;             28131192
                  11;             28132604
                  12;             28216944
                  13;             28191740
                  14;             28261228
                  15;             28273700
                  16;             28309480
                  17;             28778196
                  18;             28408976
                  19;             28406684
                  20;             28367072
                  21;             28423092
                  22;             28424828
                  23;             28443508
                  24;             28442376
                  25;             28443644
                  26;             28469188
                  27;             28509028
                  28;             28466324
                  29;             28494972
                  30;             28539280
                  31;             28532056
                  32;             28435560
                  33;             28539396
                  34;             28464512
                  35;             28558780
                  36;             28507368
                  37;             28566244
                  38;             28525528
                  39;             28587796
                  40;             28562968
                  41;             28591572
                  42;             28580852
                  43;             28611928
                  44;             28608792
                  45;             28647608
                  46;             28612348
                  47;             28666716
                  48;             28589308
                  49;             28610968
                  50;             28638988
                  51;             28637760
                  52;             28563692
                  53;             28633656
                  54;             28624880
                  55;             28642384
                  56;             28619128
                  57;             28698368
                  58;             28678736
                  59;             28635688
                  60;             28708324
                  61;             28674020
                  62;             28714456
                  63;             28684056
                  64;             28696424
                  65;             28647916
                  66;             28672500
                  67;             29091844
                  68;             30239688
                  69;             28759128
                  70;             28677476
                  71;             28679260
                  72;             28602136
                  73;             28713524
                  74;             28627136
                  75;             28700512
                  76;             28631056
                  77;             28700244
                  78;             28857348
                  79;             28892696
                  80;             28626552
                  81;             28686124
                  82;             28564984
                  83;             28650948
                  84;             28667096
                  85;             28663956
                  86;             28700024
                  87;             28714944
                  88;             28673664
                  89;             28730964
                  90;             28720644
                  91;             28707512
                  92;             28653804
                  93;             28681872
                  94;             28661760
                  95;             28717092
                  96;             28736076
                  97;             28733760
                  98;             28576552
                  99;             28617884
                 100;             28576896
                 101;             28614404
                 102;             28587816
                 103;             28647920
                 104;             28604292
                 105;             28656116
                 106;             28638312
                 107;             28661812
                 108;             28810832
                 109;             28624904
                 110;             28583392
                 111;             28662448
                 112;             28573540
                 113;             28649948
                 114;             28627932
                 115;             28641028
                 116;             28613956
                 117;             28610560
                 118;             28579356
                 119;             28601576
                 120;             28633232
                 121;             28601284
                 122;             28588320
                 123;             28624860
                 124;             28506544
                 125;             28557144
                 126;             28633588
                 127;             28513820
                 128;             28568636
                 129;             28496344
                 130;             28574072
                 131;             28597404
                 132;             28526036
                 133;             28576984
                 134;             28512132
                 135;             28631340
                 136;             28542412
                 137;             28600008
                 138;             28582840
                 139;             28566848
                 140;             28578116
                 141;             28563984
                 142;             28537968
                 143;             28593916
                 144;             28527716
                 145;             28580056
                 146;             29410160
                 147;             28494272
                 148;             28625076
                 149;             28564264
                 150;             28539800
                 151;             28495288
                 152;             28555944
                 153;             28518840
                 154;             28544552
                 155;             28525136
                 156;             28529360
                 157;             28556236
                 158;             28508532
                 159;             28593780
                 160;             28563312
                 161;             28543272
                 162;             28599396
                 163;             28585676
                 164;             28481976
                 165;             28563104
                 166;             28556848
                 167;             28543840
                 168;             28539748
                 169;             28803272
                 170;             28548076
                 171;             28565316
                 172;             28516404
                 173;             28563412
                 174;             28540424
                 175;             27685436
                 176;             27840096
                 177;             27893452
                 178;             27935488
                 179;             27910940
                 180;             28150532
                 181;             28090440
                 182;             28177880
                 183;             28175584
                 184;             28180276
                 185;             28217452
                 186;             28252616
                 187;             28232972
                 188;             28279192
                 189;             28305896
                 190;             28303908
                 191;             28310488
                 192;             28329952
                 193;             28339016
                 194;             28336672
                 195;             28330812
                 196;             28349540
                 197;             28362640
                 198;             28343088
                 199;             28611692
                 200;             28424036
                 201;             28442036
                 202;             28368896
                 203;             28445720
                 204;             28442728
                 205;             28489576
                 206;             28431588
                 207;             28423348
                 208;             28394672
                 209;             28390680
                 210;             28386944
                 211;             28404904
                 212;             28392040
                 213;             28381580
                 214;             28344972
                 215;             28355312
                 216;             28333392
                 217;             28340220
                 218;             28300028
                 219;             28307140
                 220;             28323696
                 221;             28292868
                 222;             28313304
                 223;             28318156
                 224;             28271896
                 225;             27671104
                 226;             27942128
                 227;             28005208
                 228;             28144624
                 229;             28146588
                 230;             28328492
                 231;             28225692
                 232;             28345468
                 233;             28336152
                 234;             28405836
                 235;             28404044
                 236;             28408956
                 237;             27763412
                 238;             28052084
                 239;             28238800
                 240;             28292628
                 241;             28291756
                 242;             28349604
                 243;             28317976
                 244;             28337112
                 245;             28355304
                 246;             28404584
                 247;             28381228
                 248;             28465984
                 249;             28520380
                 250;             28450436
                 251;             29315172
                 252;             28688160
                 253;             28809076
                 254;             28694260
                 255;             28691440
                 256;             28664332
                 257;             28711104
                 258;             28797328
                 259;             28676452
                 260;             29032944
                 261;             28736968
                 262;             28779228
                 263;             28677504
                 264;             28671580
                 265;             28668884
                 266;             28720024
                 267;             28681844
                 268;             28713596
                 269;             28711472
                 270;             28654936
                 271;             28640876
                 272;             28657008
                 273;             28652616
                 274;             28639020
                 275;             28603096
                 276;             28532964
                 277;             28510884
                 278;             28497216
                 279;             28434172
                 280;             28430056
                 281;             28482480
                 282;             28487756
                 283;             28567504
                 284;             28534796
                 285;             28616544
                 286;             28525872
                 287;             28533452
                 288;             28610520
                 289;             28650284
                 290;             28903660
                 291;             28747308
                 292;             28659124
                 293;             28693300
                 294;             28610300
                 295;             28674220
                 296;             28861152
                 297;             28652616
                 298;             28656744
                 299;             28674724
                 300;             28694848
                 301;             28643160
                 302;             28698592
                 303;             28693004
                 304;             28741372
                 305;             28682224
                 306;             28660852
                 307;             28679456
                 308;             28714332
                 309;             28667428
                 310;             28707664
                 311;             28681356
                 312;             28740020
                 313;             28640852
                 314;             28743624
                 315;             28738224
                 316;             28708636
                 317;             28742064
                 318;             28676980
                 319;             28710296
                 320;             28858728
                 321;             28764956
                 322;             28722120
                 323;             28712612
                 324;             28730164
                 325;             28720260
                 326;             28747432
                 327;             28717304
                 328;             28728680
                 329;             28755204
                 330;             28707756
                 331;             28676404
                 332;             27991168
                 333;             28231820
                 334;             28330888
                 335;             28354920
                 336;             28364936
                 337;             28398164
                 338;             28437372
                 339;             28486288
                 340;             28488288
                 341;             28478196
                 342;             28513304
                 343;             28527216
                 344;             28496452
                 345;             28595484
                 346;             28539200
                 347;             28555424
                 348;             29362552
                 349;             28582312
                 350;             28495940
                 351;             28628480
                 352;             28556744
                 353;             28518716
                 354;             28602688
                 355;             28549368
                 356;             28607932
                 357;             28566928
                 358;             28561052
                 359;             28569916
