                   0;             70710524
                   1;             61255596
                   2;             50820352
                   3;             60714876
                   4;             60593016
                   5;             50274060
                   6;             52520288
                   7;             63620448
                   8;             63527700
                   9;             63464288
                  10;             63551348
                  11;             63567632
                  12;             63449704
                  13;             63538728
                  14;             64208704
                  15;             63702484
                  16;             63456048
                  17;             63506156
                  18;             63517544
                  19;             63584352
                  20;             63525544
                  21;             63647420
                  22;             63486040
                  23;             63538708
                  24;             63610112
                  25;             63465168
                  26;             63459244
                  27;             63545640
                  28;             63533484
                  29;             63415844
                  30;             63406348
                  31;             63396692
                  32;             64025768
                  33;             63623852
                  34;             63454356
                  35;             63607324
                  36;             63454404
                  37;             63527480
                  38;             63552996
                  39;             63467104
                  40;             63518904
                  41;             63555328
                  42;             63436020
                  43;             63540932
                  44;             63498904
                  45;             63630056
                  46;             63482476
                  47;             63691580
                  48;             63647780
                  49;             64122832
                  50;             63516580
                  51;             63440024
                  52;             63341616
                  53;             63459712
                  54;             63277000
                  55;             63486932
                  56;             63428368
                  57;             63470808
                  58;             63450048
                  59;             63385652
                  60;             63377936
                  61;             63323668
                  62;             63238588
                  63;             63358960
                  64;             63340016
                  65;             63404024
                  66;             63291740
                  67;             63927392
                  68;             63358712
                  69;             63255828
                  70;             63302448
                  71;             63319300
                  72;             63352660
                  73;             63245332
                  74;             63286240
                  75;             63229732
                  76;             63362652
                  77;             63301032
                  78;             63181804
                  79;             62801124
                  80;             63197620
                  81;             63139144
                  82;             62946284
                  83;             63039500
                  84;             63524372
                  85;             63262656
                  86;             63320136
                  87;             62882704
                  88;             62940676
                  89;             63043048
                  90;             62916884
                  91;             63371068
                  92;             63336220
                  93;             63388728
                  94;             63209172
                  95;             63258276
                  96;             63173888
                  97;             63244380
                  98;             63149352
                  99;             63278468
                 100;             63280788
                 101;             63317708
                 102;             63695632
                 103;             63354540
                 104;             63346172
                 105;             63363592
                 106;             63455500
                 107;             63762224
                 108;             63398484
                 109;             63264804
                 110;             63309884
                 111;             63276292
                 112;             63278632
                 113;             63254960
                 114;             63290864
                 115;             63322352
                 116;             63347360
                 117;             63253772
                 118;             63296680
                 119;             63735032
                 120;             63342256
                 121;             63236576
                 122;             63341064
                 123;             63277812
                 124;             63242376
                 125;             63336076
                 126;             63347432
                 127;             63387248
                 128;             63447036
                 129;             63306332
                 130;             63432532
                 131;             63265760
                 132;             63473296
                 133;             63227276
                 134;             63390096
                 135;             63209976
                 136;             63419652
                 137;             63869420
                 138;             63233224
                 139;             63055916
                 140;             63257560
                 141;             63168452
                 142;             63046828
                 143;             63135396
                 144;             63007356
                 145;             62985400
                 146;             62781580
                 147;             62763068
                 148;             62884888
                 149;             62771984
                 150;             62864152
                 151;             62826244
                 152;             62660832
                 153;             62812112
                 154;             62830968
                 155;             63379840
                 156;             63206900
                 157;             63260952
                 158;             63189456
                 159;             63145000
                 160;             63773512
                 161;             63046752
                 162;             62819480
                 163;             62950548
                 164;             62810296
                 165;             63020776
                 166;             62861820
                 167;             62975060
                 168;             63183612
                 169;             63732172
                 170;             63888384
                 171;             64140976
                 172;             65569236
                 173;             64807620
                 174;             65032740
                 175;             65321536
                 176;             65543396
                 177;             65818880
                 178;             65713388
                 179;             65799296
                 180;             65706164
                 181;             65151844
                 182;             64700012
                 183;             65195392
                 184;             65521340
                 185;             64890740
                 186;             64671376
                 187;             65244468
                 188;             64596760
                 189;             65966396
                 190;             65500600
                 191;             64871312
                 192;             64792480
                 193;             65670108
                 194;             65269628
                 195;             64963320
                 196;             64926052
                 197;             64843964
                 198;             64815508
                 199;             64763768
                 200;             64720980
                 201;             64687956
                 202;             64760920
                 203;             64856812
                 204;             64641148
                 205;             64696512
                 206;             65406672
                 207;             64922684
                 208;             64534424
                 209;             64567640
                 210;             64538144
                 211;             64555556
                 212;             64549916
                 213;             64549748
                 214;             64430460
                 215;             64409848
                 216;             64343228
                 217;             64426504
                 218;             64326328
                 219;             64336908
                 220;             64332796
                 221;             64292020
                 222;             64341748
                 223;             64461060
                 224;             64558704
                 225;             64397104
                 226;             64259136
                 227;             64276028
                 228;             64255352
                 229;             64302668
                 230;             64207072
                 231;             64043872
                 232;             64133252
                 233;             64009684
                 234;             64170528
                 235;             64178472
                 236;             64216012
                 237;             64019064
                 238;             64052020
                 239;             63992016
                 240;             64023304
                 241;             65100872
                 242;             64032852
                 243;             63988244
                 244;             64037476
                 245;             64018744
                 246;             65005572
                 247;             64809972
                 248;             65135332
                 249;             64860552
                 250;             64851024
                 251;             65115596
                 252;             64988160
                 253;             64950984
                 254;             64934832
                 255;             64809024
                 256;             64913336
                 257;             64744664
                 258;             65469764
                 259;             65631624
                 260;             65557936
                 261;             65489876
                 262;             65490656
                 263;             65139984
                 264;             65319280
                 265;             65729584
                 266;             65239172
                 267;             65300168
                 268;             65141896
                 269;             65181036
                 270;             65187324
                 271;             65805148
                 272;             65286976
                 273;             65103480
                 274;             65175372
                 275;             65602452
                 276;             64660428
                 277;             64640284
                 278;             64518048
                 279;             64520988
                 280;             64629480
                 281;             64464220
                 282;             64528356
                 283;             64674424
                 284;             64520504
                 285;             64579580
                 286;             64647840
                 287;             64559276
                 288;             64516788
                 289;             64371824
                 290;             64490764
                 291;             64547568
                 292;             65364340
                 293;             64663008
                 294;             64581656
                 295;             64470564
                 296;             64523348
                 297;             64539092
                 298;             64784636
                 299;             64410448
                 300;             64470120
                 301;             64518868
                 302;             64579396
                 303;             64566960
                 304;             64525752
                 305;             64484856
                 306;             64436284
                 307;             64520624
                 308;             65234204
                 309;             64566052
                 310;             64333800
                 311;             64507332
                 312;             64509140
                 313;             64509840
                 314;             64609016
                 315;             64508640
                 316;             64427032
                 317;             64517696
                 318;             64376048
                 319;             64476752
                 320;             64468188
                 321;             64518008
                 322;             64423340
                 323;             64385508
                 324;             64227604
                 325;             64385476
                 326;             64485524
                 327;             64267376
                 328;             63894552
                 329;             64072212
                 330;             64185156
                 331;             64302212
                 332;             64148096
                 333;             64763020
                 334;             64343560
                 335;             64240888
                 336;             64395796
                 337;             64409096
                 338;             64584116
                 339;             64410024
                 340;             64328480
                 341;             64450960
                 342;             64404476
                 343;             64427692
                 344;             64180264
                 345;             64334732
                 346;             64432136
                 347;             64345720
                 348;             64336308
                 349;             64374840
                 350;             64298504
                 351;             64269100
                 352;             64264204
                 353;             64298072
                 354;             64361412
                 355;             64236128
                 356;             64286172
                 357;             64235876
                 358;             64267640
                 359;             64346500
