                   0;             21496740
                   1;             18699624
                   2;             18738044
                   3;             18710828
                   4;             18718872
                   5;             18781504
                   6;             18752032
                   7;             18765616
                   8;             18743424
                   9;             18722880
                  10;             18738436
                  11;             18737236
                  12;             18755468
                  13;             18738352
                  14;             18755852
                  15;             18735104
                  16;             18741452
                  17;             18755556
                  18;             18745736
                  19;             18785424
                  20;             18750720
                  21;             18744624
                  22;             18758608
                  23;             18738968
                  24;             18738040
                  25;             18783244
                  26;             18724752
                  27;             18719860
                  28;             18726876
                  29;             18823472
                  30;             18712028
                  31;             18840960
                  32;             18729828
                  33;             18698884
                  34;             18703332
                  35;             18747992
                  36;             18761692
                  37;             18724328
                  38;             18736324
                  39;             18740644
                  40;             18728348
                  41;             18732492
                  42;             18732444
                  43;             18734444
                  44;             18756952
                  45;             18753488
                  46;             18744732
                  47;             18744028
                  48;             18753112
                  49;             18729732
                  50;             18743996
                  51;             18737300
                  52;             18739104
                  53;             18736752
                  54;             18740632
                  55;             18735208
                  56;             18739428
                  57;             18739828
                  58;             18742040
                  59;             18745064
                  60;             18742556
                  61;             18715956
                  62;             18746112
                  63;             18742872
                  64;             18738216
                  65;             18734020
                  66;             18752732
                  67;             18738236
                  68;             18816192
                  69;             18798516
                  70;             18717500
                  71;             18750972
                  72;             18753704
                  73;             18739896
                  74;             18737616
                  75;             18740788
                  76;             18730052
                  77;             18739560
                  78;             18740372
                  79;             18749200
                  80;             18730108
                  81;             18753328
                  82;             18751996
                  83;             18758640
                  84;             18753100
                  85;             18738020
                  86;             18724816
                  87;             18756064
                  88;             18744516
                  89;             18732924
                  90;             18726116
                  91;             18721984
                  92;             18729788
                  93;             18727436
                  94;             18742580
                  95;             18735980
                  96;             18735520
                  97;             18734704
                  98;             18713452
                  99;             18719384
                 100;             18724432
                 101;             18725424
                 102;             18724584
                 103;             18727440
                 104;             18725624
                 105;             18727532
                 106;             18738340
                 107;             19414412
                 108;             18990544
                 109;             18722312
                 110;             18739932
                 111;             18741520
                 112;             18741724
                 113;             18732460
                 114;             18733896
                 115;             18752780
                 116;             18736692
                 117;             18739876
                 118;             18742980
                 119;             18735484
                 120;             18752352
                 121;             18747940
                 122;             18755288
                 123;             18746848
                 124;             18732512
                 125;             18729324
                 126;             18737832
                 127;             18738036
                 128;             18743580
                 129;             18726860
                 130;             18732248
                 131;             18748288
                 132;             18751420
                 133;             18746472
                 134;             18736120
                 135;             18751208
                 136;             18732260
                 137;             18728168
                 138;             18745856
                 139;             18737940
                 140;             18745248
                 141;             18739788
                 142;             18734196
                 143;             18746976
                 144;             18746980
                 145;             18748288
                 146;             18882752
                 147;             18718380
                 148;             18752704
                 149;             18734896
                 150;             18712144
                 151;             18738744
                 152;             18740884
                 153;             18729472
                 154;             18723928
                 155;             18728732
                 156;             18756796
                 157;             18736708
                 158;             18807176
                 159;             18743136
                 160;             18762732
                 161;             18727820
                 162;             18720424
                 163;             18745912
                 164;             18756312
                 165;             18733780
                 166;             18721744
                 167;             18724340
                 168;             18738844
                 169;             18743168
                 170;             18781676
                 171;             18743612
                 172;             18714600
                 173;             18727204
                 174;             18728768
                 175;             18725992
                 176;             18716696
                 177;             18739176
                 178;             18738408
                 179;             18730632
                 180;             18737076
                 181;             18738792
                 182;             18739512
                 183;             18738844
                 184;             18770888
                 185;             18722940
                 186;             18742232
                 187;             18740076
                 188;             18736132
                 189;             18743024
                 190;             18738092
                 191;             18756584
                 192;             18748684
                 193;             18760856
                 194;             18741880
                 195;             18737820
                 196;             18719120
                 197;             18811116
                 198;             18776064
                 199;             18808644
                 200;             18735480
                 201;             18788940
                 202;             18733032
                 203;             18742368
                 204;             18752404
                 205;             18746972
                 206;             18748220
                 207;             18741460
                 208;             18722584
                 209;             18726068
                 210;             18747028
                 211;             18761864
                 212;             18740620
                 213;             18752336
                 214;             18730616
                 215;             18734332
                 216;             18749328
                 217;             18745516
                 218;             18742688
                 219;             18737632
                 220;             18730556
                 221;             18731320
                 222;             19371708
                 223;             18738736
                 224;             18730768
                 225;             18756220
                 226;             18743808
                 227;             18750436
                 228;             18751180
                 229;             18754288
                 230;             18750060
                 231;             18744156
                 232;             18749776
                 233;             18747800
                 234;             18744588
                 235;             18737808
                 236;             18730664
                 237;             18735920
                 238;             18747116
                 239;             18739124
                 240;             18714692
                 241;             18731220
                 242;             18739336
                 243;             18746584
                 244;             18752896
                 245;             18756572
                 246;             18736304
                 247;             18757916
                 248;             18728404
                 249;             18734216
                 250;             18733404
                 251;             19381316
                 252;             19030212
                 253;             18914956
                 254;             18888964
                 255;             18990236
                 256;             19010948
                 257;             18856624
                 258;             18801248
                 259;             18814480
                 260;             19487020
                 261;             19039836
                 262;             18872748
                 263;             18872372
                 264;             18870536
                 265;             18815388
                 266;             18815252
                 267;             18828900
                 268;             18828540
                 269;             18833504
                 270;             18817940
                 271;             18822640
                 272;             18821532
                 273;             18862864
                 274;             18885764
                 275;             18877028
                 276;             18880008
                 277;             18879748
                 278;             18858948
                 279;             18832688
                 280;             18978792
                 281;             18870852
                 282;             18866820
                 283;             18840588
                 284;             18971980
                 285;             18818844
                 286;             18869348
                 287;             18841880
                 288;             18879848
                 289;             18904312
                 290;             19959804
                 291;             18843740
                 292;             18876760
                 293;             18844068
                 294;             18795828
                 295;             18798252
                 296;             18819724
                 297;             18831980
                 298;             19465696
                 299;             18949668
                 300;             18804036
                 301;             18789028
                 302;             18802180
                 303;             18786312
                 304;             18841080
                 305;             18833968
                 306;             18805472
                 307;             18807932
                 308;             18907228
                 309;             18857732
                 310;             18846960
                 311;             18888408
                 312;             18799656
                 313;             18842892
                 314;             18852300
                 315;             18806028
                 316;             18793132
                 317;             18808444
                 318;             18853564
                 319;             18797572
                 320;             18797936
                 321;             18799572
                 322;             18797124
                 323;             18816352
                 324;             18777888
                 325;             18840824
                 326;             18862016
                 327;             18804120
                 328;             18793476
                 329;             18859696
                 330;             18813968
                 331;             18816604
                 332;             18854824
                 333;             18856604
                 334;             18857300
                 335;             18896436
                 336;             19608736
                 337;             19037224
                 338;             18865176
                 339;             18874032
                 340;             18882312
                 341;             18870112
                 342;             18871852
                 343;             18918640
                 344;             18877644
                 345;             18867384
                 346;             18819180
                 347;             18866444
                 348;             18884512
                 349;             18838736
                 350;             19135044
                 351;             19121164
                 352;             19376768
                 353;             19136196
                 354;             19098292
                 355;             19120072
                 356;             19128028
                 357;             19036656
                 358;             18960740
                 359;             19396020
