                   0;             74047244
                   1;             69683460
                   2;             69622552
                   3;             69645228
                   4;             69661368
                   5;             70208824
                   6;             69618864
                   7;             71339264
                   8;             69627280
                   9;             69635632
                  10;             69646836
                  11;             69674356
                  12;             69615908
                  13;             69657196
                  14;             69612568
                  15;             69670072
                  16;             69673864
                  17;             69676100
                  18;             69663628
                  19;             69666268
                  20;             69672320
                  21;             69731936
                  22;             70516788
                  23;             69680512
                  24;             69672944
                  25;             69659604
                  26;             69645204
                  27;             69680980
                  28;             69644992
                  29;             69656020
                  30;             69666236
                  31;             69688672
                  32;             69729332
                  33;             69661216
                  34;             69659812
                  35;             69647276
                  36;             69690132
                  37;             69698340
                  38;             69690792
                  39;             69840568
                  40;             69649116
                  41;             69659128
                  42;             69635116
                  43;             69651984
                  44;             69624328
                  45;             69714552
                  46;             69639924
                  47;             69655900
                  48;             69620592
                  49;             69655880
                  50;             69606556
                  51;             69638448
                  52;             69601132
                  53;             69644724
                  54;             69575616
                  55;             70285908
                  56;             69641688
                  57;             69678276
                  58;             69622784
                  59;             69683900
                  60;             69666740
                  61;             69593420
                  62;             69595580
                  63;             69691124
                  64;             69616932
                  65;             69581280
                  66;             69634744
                  67;             69632716
                  68;             69731652
                  69;             69560440
                  70;             69626808
                  71;             70001644
                  72;             70530260
                  73;             69603388
                  74;             69602812
                  75;             69578388
                  76;             69542764
                  77;             69559508
                  78;             69576360
                  79;             69547652
                  80;             69531376
                  81;             69538356
                  82;             69547504
                  83;             69566232
                  84;             69565828
                  85;             69545284
                  86;             69554104
                  87;             69598112
                  88;             69882868
                  89;             69688712
                  90;             69555068
                  91;             69568740
                  92;             69537804
                  93;             69538892
                  94;             69518144
                  95;             69557160
                  96;             69523408
                  97;             69533136
                  98;             69536364
                  99;             69546852
                 100;             69588704
                 101;             69560776
                 102;             69543132
                 103;             69541784
                 104;             69529824
                 105;             70217076
                 106;             69604080
                 107;             69567600
                 108;             69554732
                 109;             69546644
                 110;             69556736
                 111;             69597068
                 112;             69545148
                 113;             69584584
                 114;             69543528
                 115;             69631760
                 116;             69563844
                 117;             69544604
                 118;             69594364
                 119;             69570708
                 120;             69516380
                 121;             69516520
                 122;             70277160
                 123;             69496492
                 124;             69497356
                 125;             69498252
                 126;             69497792
                 127;             69487316
                 128;             69546160
                 129;             69506200
                 130;             69511780
                 131;             69510012
                 132;             69498392
                 133;             69495000
                 134;             69498820
                 135;             69488616
                 136;             69499560
                 137;             69521160
                 138;             70087492
                 139;             69513940
                 140;             69497700
                 141;             69514584
                 142;             69486584
                 143;             69543436
                 144;             69505792
                 145;             69491872
                 146;             69501664
                 147;             69496824
                 148;             69491304
                 149;             69494792
                 150;             69486532
                 151;             69483768
                 152;             69497684
                 153;             69479328
                 154;             69488652
                 155;             70115368
                 156;             69513060
                 157;             69502732
                 158;             69491044
                 159;             69495976
                 160;             69495208
                 161;             69455236
                 162;             69508508
                 163;             69475940
                 164;             69501444
                 165;             69503312
                 166;             69565976
                 167;             69501604
                 168;             69494096
                 169;             69522004
                 170;             69487800
                 171;             69559312
                 172;             70241636
                 173;             69511648
                 174;             69560804
                 175;             69505924
                 176;             69539624
                 177;             69542608
                 178;             69513180
                 179;             69632372
                 180;             69520124
                 181;             69542100
                 182;             69591552
                 183;             69534736
                 184;             69530524
                 185;             69521332
                 186;             69526668
                 187;             69529736
                 188;             69601940
                 189;             69675428
                 190;             69506464
                 191;             69487412
                 192;             69515640
                 193;             69499012
                 194;             69533420
                 195;             69509160
                 196;             69512124
                 197;             69512616
                 198;             69538372
                 199;             69482996
                 200;             69496488
                 201;             69476960
                 202;             69462440
                 203;             69466408
                 204;             69451280
                 205;             70038336
                 206;             69467924
                 207;             69450856
                 208;             69510168
                 209;             69456028
                 210;             69452732
                 211;             69770272
                 212;             69465760
                 213;             69418992
                 214;             69401748
                 215;             69419944
                 216;             69392232
                 217;             69444616
                 218;             69451452
                 219;             69419204
                 220;             69415180
                 221;             69385204
                 222;             70149344
                 223;             69398040
                 224;             69465896
                 225;             69552140
                 226;             69569148
                 227;             69483644
                 228;             69479284
                 229;             69531268
                 230;             69557312
                 231;             69524252
                 232;             69564092
                 233;             69586636
                 234;             69607080
                 235;             69684108
                 236;             69624524
                 237;             69660708
                 238;             70208172
                 239;             69856872
                 240;             69641444
                 241;             69668672
                 242;             69638584
                 243;             69663196
                 244;             69673156
                 245;             69655992
                 246;             69637896
                 247;             69679156
                 248;             69657944
                 249;             69669520
                 250;             69663140
                 251;             69913856
                 252;             70053928
                 253;             69852064
                 254;             70013748
                 255;             70918652
                 256;             70016256
                 257;             69648592
                 258;             69700064
                 259;             69643644
                 260;             69668136
                 261;             69666660
                 262;             69659876
                 263;             69641488
                 264;             69657256
                 265;             69645784
                 266;             69659304
                 267;             69592792
                 268;             69609720
                 269;             69600664
                 270;             69594744
                 271;             69592296
                 272;             69801372
                 273;             69582248
                 274;             69603184
                 275;             69590508
                 276;             69555348
                 277;             69623896
                 278;             69568788
                 279;             69590084
                 280;             69597940
                 281;             69634904
                 282;             69659172
                 283;             69610552
                 284;             69925300
                 285;             69644616
                 286;             69615808
                 287;             69612156
                 288;             70996672
                 289;             69653992
                 290;             69732008
                 291;             69645176
                 292;             69625436
                 293;             69637076
                 294;             69641876
                 295;             69618896
                 296;             69629104
                 297;             69627340
                 298;             69625960
                 299;             69628476
                 300;             69989696
                 301;             70169684
                 302;             70141076
                 303;             70139948
                 304;             70217336
                 305;             70138876
                 306;             70782028
                 307;             70230864
                 308;             70125444
                 309;             70143916
                 310;             70189340
                 311;             70155440
                 312;             70191476
                 313;             70136948
                 314;             70167928
                 315;             70212412
                 316;             70151952
                 317;             70158012
                 318;             70212180
                 319;             70136920
                 320;             70136424
                 321;             70164948
                 322;             70195408
                 323;             70200048
                 324;             70201552
                 325;             70134212
                 326;             70158384
                 327;             70175836
                 328;             70132628
                 329;             70762692
                 330;             70148920
                 331;             70140328
                 332;             70207592
                 333;             70114400
                 334;             70202852
                 335;             70773780
                 336;             70340820
                 337;             70242972
                 338;             70156748
                 339;             70277784
                 340;             70169084
                 341;             70712504
                 342;             70194640
                 343;             70119264
                 344;             70170940
                 345;             70246592
                 346;             70160712
                 347;             70789168
                 348;             70146980
                 349;             70231796
                 350;             70158964
                 351;             70159300
                 352;             70214924
                 353;             70792728
                 354;             70169028
                 355;             70204760
                 356;             70146336
                 357;             70121680
                 358;             70188976
                 359;             70717852
