                   0;            111946460
                   1;            107338540
                   2;            107626968
                   3;            107244700
                   4;            108177800
                   5;            107020072
                   6;            107514820
                   7;            106998756
                   8;            107316980
                   9;            106941852
                  10;            107287300
                  11;            106915604
                  12;            107196476
                  13;            106851808
                  14;            107199376
                  15;            107695164
                  16;            106789540
                  17;            106590428
                  18;            106571684
                  19;            106461808
                  20;            106450488
                  21;            106431068
                  22;            106459424
                  23;            106149776
                  24;            106478068
                  25;            106052408
                  26;            106086988
                  27;            107130956
                  28;            105926028
                  29;            105906108
                  30;            105909208
                  31;            105883928
                  32;            105895232
                  33;            105917088
                  34;            106068012
                  35;            105859584
                  36;            105785480
                  37;            105827488
                  38;            105742784
                  39;            106089280
                  40;            105753580
                  41;            105688204
                  42;            105724544
                  43;            105671612
                  44;            105653100
                  45;            105657720
                  46;            105616380
                  47;            105627404
                  48;            105651484
                  49;            105613528
                  50;            106373360
                  51;            105831704
                  52;            105611104
                  53;            105500648
                  54;            105591104
                  55;            105445240
                  56;            105621268
                  57;            105664160
                  58;            105546928
                  59;            105538136
                  60;            105412552
                  61;            106803576
                  62;            106794320
                  63;            105391764
                  64;            105555204
                  65;            105543956
                  66;            105561716
                  67;            105498148
                  68;            105554160
                  69;            105512952
                  70;            105473220
                  71;            105524152
                  72;            105423324
                  73;            105675312
                  74;            106578152
                  75;            105452988
                  76;            105493248
                  77;            105422180
                  78;            105495544
                  79;            105415924
                  80;            105450820
                  81;            105436912
                  82;            105489036
                  83;            105367776
                  84;            105390040
                  85;            105431036
                  86;            105951444
                  87;            105465316
                  88;            105363004
                  89;            105484896
                  90;            105390560
                  91;            105495688
                  92;            105491172
                  93;            105440132
                  94;            105404284
                  95;            105541688
                  96;            105552112
                  97;            106179232
                  98;            105458520
                  99;            105491452
                 100;            105367232
                 101;            105424208
                 102;            105339936
                 103;            105390636
                 104;            105364568
                 105;            105359728
                 106;            105365404
                 107;            105385736
                 108;            105313700
                 109;            107282012
                 110;            105435356
                 111;            105443564
                 112;            105263844
                 113;            105426604
                 114;            105403296
                 115;            105261808
                 116;            105219540
                 117;            105283024
                 118;            105239524
                 119;            105287796
                 120;            105248452
                 121;            106408200
                 122;            105339352
                 123;            105324128
                 124;            105332216
                 125;            105324444
                 126;            105469456
                 127;            105328100
                 128;            105466928
                 129;            105429432
                 130;            105363736
                 131;            105657956
                 132;            105330740
                 133;            105773136
                 134;            105416108
                 135;            105313428
                 136;            105381052
                 137;            105324988
                 138;            105222012
                 139;            105299616
                 140;            105258256
                 141;            105300236
                 142;            105286272
                 143;            105276528
                 144;            105788400
                 145;            105399220
                 146;            105205864
                 147;            105244572
                 148;            105189008
                 149;            106110888
                 150;            105237264
                 151;            105321432
                 152;            105280216
                 153;            105298396
                 154;            105197308
                 155;            105293704
                 156;            106243328
                 157;            105221808
                 158;            105206444
                 159;            105281344
                 160;            105292048
                 161;            105248816
                 162;            105157136
                 163;            105256604
                 164;            105233968
                 165;            105209460
                 166;            105207380
                 167;            105270252
                 168;            106459084
                 169;            105392968
                 170;            105412348
                 171;            105383036
                 172;            105248236
                 173;            105282688
                 174;            105212740
                 175;            105383276
                 176;            105386220
                 177;            105235820
                 178;            105217392
                 179;            105318308
                 180;            106477248
                 181;            105291808
                 182;            105286344
                 183;            105164700
                 184;            105308384
                 185;            105336716
                 186;            105302628
                 187;            105264836
                 188;            106139200
                 189;            105289956
                 190;            105236240
                 191;            105700824
                 192;            105604280
                 193;            105268152
                 194;            105136960
                 195;            105257756
                 196;            105157384
                 197;            105257156
                 198;            105156692
                 199;            105293764
                 200;            105203124
                 201;            105200512
                 202;            105181364
                 203;            105852360
                 204;            105317764
                 205;            105731076
                 206;            106088024
                 207;            106355048
                 208;            106639772
                 209;            106924008
                 210;            107339460
                 211;            107259848
                 212;            107578316
                 213;            107688784
                 214;            107975164
                 215;            107521452
                 216;            108088964
                 217;            107088828
                 218;            107174804
                 219;            107263856
                 220;            107531740
                 221;            107909324
                 222;            107641424
                 223;            107783980
                 224;            107654272
                 225;            107901616
                 226;            107394232
                 227;            108503476
                 228;            107451108
                 229;            107512436
                 230;            107458544
                 231;            107548456
                 232;            107315952
                 233;            106884216
                 234;            106767380
                 235;            106853328
                 236;            106710512
                 237;            106796832
                 238;            106702540
                 239;            106701188
                 240;            106671328
                 241;            106742988
                 242;            106642072
                 243;            106643340
                 244;            106657712
                 245;            106643448
                 246;            106630476
                 247;            106622992
                 248;            106704400
                 249;            106556624
                 250;            106554708
                 251;            107515416
                 252;            107361664
                 253;            107111128
                 254;            106699588
                 255;            107211116
                 256;            107704628
                 257;            107718488
                 258;            107949868
                 259;            108180320
                 260;            107612824
                 261;            107712436
                 262;            107504500
                 263;            107701844
                 264;            107521780
                 265;            107445136
                 266;            106583452
                 267;            106392568
                 268;            106283232
                 269;            106397992
                 270;            106356184
                 271;            106409240
                 272;            106202496
                 273;            106285968
                 274;            106167016
                 275;            106252792
                 276;            106223788
                 277;            106221936
                 278;            106236984
                 279;            106290860
                 280;            106151884
                 281;            106186640
                 282;            106226400
                 283;            106194204
                 284;            106211400
                 285;            106210472
                 286;            106166236
                 287;            106184208
                 288;            106214324
                 289;            106224156
                 290;            106186532
                 291;            106130096
                 292;            106261736
                 293;            106207532
                 294;            106195328
                 295;            106144772
                 296;            106149224
                 297;            106087260
                 298;            106046976
                 299;            106087640
                 300;            106030524
                 301;            105993188
                 302;            105939788
                 303;            105978508
                 304;            106103424
                 305;            106038536
                 306;            106056644
                 307;            105923028
                 308;            105901860
                 309;            105861796
                 310;            105822948
                 311;            105854556
                 312;            105822144
                 313;            105864440
                 314;            105994176
                 315;            105901720
                 316;            105904476
                 317;            105885152
                 318;            106016552
                 319;            105952468
                 320;            105956612
                 321;            105838572
                 322;            105967732
                 323;            105913316
                 324;            105833948
                 325;            105850424
                 326;            106409456
                 327;            105790468
                 328;            105898880
                 329;            105730856
                 330;            105832692
                 331;            105888644
                 332;            105900688
                 333;            105925620
                 334;            105843596
                 335;            105734840
                 336;            105722556
                 337;            105777788
                 338;            105787216
                 339;            105779912
                 340;            105845940
                 341;            105766496
                 342;            105793056
                 343;            105811268
                 344;            107155448
                 345;            106146980
                 346;            106010692
                 347;            105952332
                 348;            107003080
                 349;            105904488
                 350;            105987632
                 351;            105959320
                 352;            106845220
                 353;            106012572
                 354;            105971744
                 355;            105991000
                 356;            107134352
                 357;            105825952
                 358;            106042792
                 359;            105946232
