                   0;            217162284
                   1;            214261156
                   2;            215431980
                   3;            215291332
                   4;            214958240
                   5;            213728432
                   6;            214091368
                   7;            214465764
                   8;            214546352
                   9;            214609744
                  10;            216501508
                  11;            214769764
                  12;            215512644
                  13;            214191816
                  14;            214379672
                  15;            214828924
                  16;            217032752
                  17;            214231052
                  18;            214622356
                  19;            214357184
                  20;            214020624
                  21;            214349996
                  22;            216988592
                  23;            214800100
                  24;            215455684
                  25;            217380108
                  26;            214375480
                  27;            215102420
                  28;            215982108
                  29;            216099256
                  30;            215889692
                  31;            214418208
                  32;            215814372
                  33;            215148668
                  34;            214637860
                  35;            217603244
                  36;            214437820
                  37;            215044516
                  38;            214131644
                  39;            214329716
                  40;            214136776
                  41;            216244520
                  42;            214582532
                  43;            215760056
                  44;            214233588
                  45;            214967940
                  46;            214642132
                  47;            215487816
                  48;            215642912
                  49;            214372140
                  50;            214257468
                  51;            214799756
                  52;            216199824
                  53;            215311440
                  54;            216991776
                  55;            215578376
                  56;            214177428
                  57;            214812804
                  58;            214571100
                  59;            214871028
                  60;            214715916
                  61;            214293904
                  62;            215522164
                  63;            214620532
                  64;            214033216
                  65;            215188440
                  66;            215536724
                  67;            215022108
                  68;            228946816
                  69;            215133828
                  70;            215080756
                  71;            214353076
                  72;            215777872
                  73;            215120444
                  74;            214701224
                  75;            215480516
                  76;            214115260
                  77;            213847020
                  78;            214641564
                  79;            214163600
                  80;            215023264
                  81;            214860160
                  82;            214045252
                  83;            214997548
                  84;            214638488
                  85;            214080264
                  86;            217200308
                  87;            215059324
                  88;            214597932
                  89;            214231800
                  90;            214682188
                  91;            214624020
                  92;            214781248
                  93;            214204336
                  94;            213671256
                  95;            214512932
                  96;            214297476
                  97;            214287212
                  98;            214620780
                  99;            214005068
                 100;            214158116
                 101;            214593716
                 102;            215112692
                 103;            214427180
                 104;            214450696
                 105;            214153192
                 106;            214145532
                 107;            215147336
                 108;            214058064
                 109;            214874996
                 110;            214172588
                 111;            214514212
                 112;            214284068
                 113;            214142704
                 114;            214475256
                 115;            214061580
                 116;            216746752
                 117;            214494952
                 118;            214353396
                 119;            215302532
                 120;            214441528
                 121;            214003064
                 122;            214558344
                 123;            214117148
                 124;            213902048
                 125;            214458716
                 126;            213904724
                 127;            214093160
                 128;            214123140
                 129;            214008840
                 130;            214043296
                 131;            215331512
                 132;            213717012
                 133;            213957848
                 134;            214145048
                 135;            214456804
                 136;            215512036
                 137;            213887452
                 138;            214526496
                 139;            213927424
                 140;            213823616
                 141;            214910824
                 142;            213908196
                 143;            214050460
                 144;            214042364
                 145;            214195404
                 146;            214343420
                 147;            214074976
                 148;            214100580
                 149;            213492608
                 150;            214061532
                 151;            214100448
                 152;            214203528
                 153;            213606576
                 154;            214366180
                 155;            214016668
                 156;            213944204
                 157;            214076528
                 158;            213377728
                 159;            213919000
                 160;            214425552
                 161;            214785472
                 162;            214045028
                 163;            214072304
                 164;            214053700
                 165;            214017916
                 166;            214982896
                 167;            214678240
                 168;            213755408
                 169;            214033660
                 170;            214425296
                 171;            214168216
                 172;            213989056
                 173;            214034528
                 174;            214614832
                 175;            213873504
                 176;            214387840
                 177;            214284276
                 178;            214019276
                 179;            214196732
                 180;            214052364
                 181;            214433036
                 182;            214021036
                 183;            213985848
                 184;            214373956
                 185;            213993864
                 186;            213566728
                 187;            213943188
                 188;            214129752
                 189;            214191248
                 190;            213758248
                 191;            213584220
                 192;            214233532
                 193;            214057384
                 194;            214074940
                 195;            213965748
                 196;            214174216
                 197;            213909716
                 198;            214049456
                 199;            214581804
                 200;            214153920
                 201;            214115396
                 202;            214351384
                 203;            214558976
                 204;            214349604
                 205;            213725852
                 206;            214426592
                 207;            213677848
                 208;            214062872
                 209;            213855744
                 210;            213717956
                 211;            213809816
                 212;            214300132
                 213;            213906196
                 214;            214356948
                 215;            213954584
                 216;            213930488
                 217;            214208680
                 218;            214425316
                 219;            213311216
                 220;            214767440
                 221;            213903804
                 222;            214123568
                 223;            213373428
                 224;            214360752
                 225;            213473256
                 226;            213957512
                 227;            214106552
                 228;            213589792
                 229;            213499132
                 230;            214461152
                 231;            214290024
                 232;            214151600
                 233;            214747004
                 234;            214011652
                 235;            214265528
                 236;            214515740
                 237;            214128252
                 238;            214252632
                 239;            214323668
                 240;            214231432
                 241;            213942740
                 242;            214562920
                 243;            214451524
                 244;            214302496
                 245;            214259140
                 246;            214737096
                 247;            214723528
                 248;            215051924
                 249;            214495668
                 250;            214722712
                 251;            214147904
                 252;            214516820
                 253;            216084872
                 254;            214216768
                 255;            214480784
                 256;            214891548
                 257;            214976624
                 258;            213971228
                 259;            214567420
                 260;            214638176
                 261;            214192068
                 262;            214811016
                 263;            216137372
                 264;            214480872
                 265;            214624296
                 266;            214501284
                 267;            214295404
                 268;            215223132
                 269;            214776916
                 270;            214344860
                 271;            214703368
                 272;            215231056
                 273;            214620524
                 274;            214387352
                 275;            214301120
                 276;            214523600
                 277;            214554600
                 278;            216850764
                 279;            215337656
                 280;            214998976
                 281;            215686024
                 282;            215191884
                 283;            217060652
                 284;            215174208
                 285;            215098112
                 286;            214219800
                 287;            215743868
                 288;            214866540
                 289;            217717880
                 290;            215363020
                 291;            214737996
                 292;            216627248
                 293;            215596332
                 294;            216093780
                 295;            217310648
                 296;            215947008
                 297;            217465320
                 298;            215774732
                 299;            217367648
                 300;            215714412
                 301;            217152304
                 302;            215035036
                 303;            216192252
                 304;            215580852
                 305;            215578092
                 306;            216859440
                 307;            215521668
                 308;            217299540
                 309;            215761076
                 310;            216020184
                 311;            215300608
                 312;            217029904
                 313;            215159140
                 314;            215378240
                 315;            217024028
                 316;            215452412
                 317;            216753480
                 318;            214563124
                 319;            217283972
                 320;            215204312
                 321;            216990608
                 322;            215469444
                 323;            216004980
                 324;            215724532
                 325;            214927648
                 326;            217094760
                 327;            216584184
                 328;            216469928
                 329;            216394596
                 330;            216845424
                 331;            215212348
                 332;            217728060
                 333;            215640172
                 334;            215851244
                 335;            216142844
                 336;            215376308
                 337;            216526228
                 338;            215134624
                 339;            216563396
                 340;            217753080
                 341;            217912240
                 342;            216719400
                 343;            216836604
                 344;            217067148
                 345;            218717144
                 346;            215268776
                 347;            214652248
                 348;            213759152
                 349;            214493980
                 350;            214974628
                 351;            214237260
                 352;            214856956
                 353;            214862272
                 354;            214404156
                 355;            214152700
                 356;            214075332
                 357;            214494532
                 358;            215249364
                 359;            214444968
