                   0;              3198084
                   1;               535240
                   2;               492344
                   3;               482628
                   4;               483328
                   5;               454108
                   6;               481228
                   7;               479252
                   8;               480256
                   9;               479044
                  10;               474768
                  11;               474652
                  12;               470572
                  13;               476360
                  14;               436976
                  15;               509780
                  16;               488164
                  17;               477212
                  18;               479784
                  19;               478856
                  20;               482752
                  21;               478540
                  22;               475664
                  23;               473704
                  24;               472204
                  25;               475036
                  26;               479864
                  27;               479188
                  28;               441060
                  29;               476256
                  30;               475136
                  31;               477252
                  32;               478956
                  33;               476808
                  34;               461728
                  35;               476456
                  36;               471604
                  37;               508716
                  38;               472892
                  39;               471792
                  40;               479564
                  41;               470768
                  42;               476500
                  43;               453512
                  44;               461280
                  45;               449460
                  46;               431300
                  47;               447588
                  48;               443640
                  49;               448688
                  50;               455596
                  51;               475708
                  52;               477984
                  53;              6864360
                  54;               562660
                  55;               514256
                  56;               536284
                  57;               489864
                  58;               481532
                  59;               480864
                  60;               471084
                  61;               475512
                  62;               475784
                  63;               479200
                  64;               469496
                  65;               477152
                  66;               480328
                  67;               472244
                  68;               479592
                  69;               472836
                  70;               474788
                  71;               501160
                  72;               438660
                  73;               452024
                  74;               446128
                  75;               449828
                  76;               453628
                  77;               451236
                  78;               452120
                  79;               448912
                  80;               450324
                  81;               445632
                  82;               449296
                  83;               434300
                  84;               506152
                  85;               476040
                  86;               474708
                  87;               475544
                  88;               447816
                  89;               477600
                  90;               483716
                  91;               485688
                  92;               472680
                  93;               470000
                  94;               472152
                  95;               476700
                  96;               468400
                  97;               489708
                  98;               439732
                  99;               446964
                 100;               450220
                 101;               475776
                 102;               471848
                 103;               473184
                 104;               473208
                 105;               473096
                 106;               470652
                 107;               476880
                 108;               478048
                 109;               472400
                 110;               464492
                 111;               470804
                 112;               472356
                 113;               454416
                 114;               477184
                 115;               469796
                 116;               474272
                 117;               474300
                 118;               477504
                 119;               493176
                 120;               445924
                 121;               458568
                 122;               451512
                 123;               471668
                 124;               476944
                 125;               478160
                 126;               472732
                 127;               467524
                 128;               466620
                 129;               470832
                 130;               469100
                 131;               472204
                 132;               491380
                 133;               450080
                 134;               455000
                 135;               448128
                 136;               443872
                 137;               470580
                 138;               482212
                 139;               480016
                 140;               468580
                 141;               470856
                 142;               474120
                 143;               471804
                 144;               475292
                 145;               512768
                 146;               456140
                 147;               444768
                 148;               453656
                 149;               472432
                 150;               480268
                 151;               476380
                 152;               479212
                 153;               478332
                 154;               480924
                 155;               473640
                 156;               478320
                 157;               476612
                 158;               449892
                 159;               476048
                 160;               481320
                 161;               480504
                 162;               473972
                 163;               461988
                 164;               457580
                 165;               471880
                 166;               478172
                 167;               450720
                 168;               455400
                 169;               451304
                 170;               450904
                 171;               450616
                 172;               479528
                 173;               475624
                 174;               468828
                 175;               475608
                 176;               472804
                 177;               475092
                 178;               477056
                 179;               472732
                 180;               513172
                 181;               458676
                 182;               454984
                 183;               453604
                 184;               481536
                 185;               475412
                 186;               480828
                 187;               484100
                 188;               483368
                 189;               477248
                 190;               469732
                 191;               462832
                 192;               474956
                 193;               496004
                 194;               450792
                 195;               449908
                 196;               448808
                 197;               444420
                 198;               475832
                 199;               483080
                 200;               480024
                 201;               469240
                 202;               474188
                 203;               473288
                 204;               480224
                 205;               475760
                 206;               456108
                 207;               480260
                 208;               471540
                 209;               478604
                 210;               473396
                 211;               475276
                 212;               463604
                 213;               471312
                 214;               468760
                 215;               488824
                 216;               454072
                 217;               454364
                 218;               460992
                 219;               450856
                 220;               475196
                 221;               471248
                 222;               472724
                 223;               476408
                 224;               479484
                 225;               478836
                 226;               482304
                 227;               475512
                 228;               484172
                 229;               445656
                 230;               453100
                 231;               450372
                 232;               451876
                 233;               449304
                 234;               448516
                 235;               454512
                 236;               454968
                 237;               456132
                 238;               458204
                 239;               445168
                 240;               454940
                 241;               510536
                 242;               476068
                 243;               476428
                 244;               472384
                 245;               442692
                 246;               459572
                 247;              6711364
                 248;              1071636
                 249;               827532
                 250;               513928
                 251;               510792
                 252;               502600
                 253;               624488
                 254;              1837656
                 255;               475112
                 256;               485012
                 257;               496768
                 258;              5252764
                 259;               455764
                 260;               458048
                 261;               453880
                 262;               450408
                 263;               453688
                 264;               457940
                 265;               484396
                 266;               475592
                 267;               460064
                 268;               477428
                 269;               481332
                 270;               499536
                 271;               483132
                 272;               487528
                 273;               485820
                 274;              6718544
                 275;               484072
                 276;               480688
                 277;               475792
                 278;               488212
                 279;               477788
                 280;               475464
                 281;               513180
                 282;               468984
                 283;               461800
                 284;               463896
                 285;               521316
                 286;               495772
                 287;              1058256
                 288;               480952
                 289;               484704
                 290;               485636
                 291;               488836
                 292;               481968
                 293;               480480
                 294;               459224
                 295;               462960
                 296;               478344
                 297;               446820
                 298;               452100
                 299;               456240
                 300;               452436
                 301;               463204
                 302;              3473404
                 303;               479316
                 304;               479744
                 305;               458424
                 306;               440432
                 307;               453420
                 308;               452608
                 309;               458076
                 310;               448312
                 311;               466460
                 312;               440700
                 313;               445348
                 314;               449584
                 315;               439812
                 316;               446372
                 317;               449600
                 318;               465328
                 319;               453324
                 320;               454016
                 321;               455224
                 322;               473616
                 323;               485544
                 324;               483880
                 325;               482912
                 326;               476860
                 327;               474468
                 328;               484412
                 329;               455228
                 330;               446348
                 331;               458388
                 332;               453116
                 333;               449124
                 334;               479504
                 335;               443828
                 336;               451644
                 337;               448896
                 338;               429564
                 339;               461276
                 340;               454244
                 341;               458012
                 342;               453872
                 343;               515696
                 344;               478164
                 345;               481016
                 346;               456588
                 347;               480932
                 348;               478624
                 349;               480924
                 350;               479336
                 351;               481504
                 352;               470136
                 353;               481256
                 354;               465516
                 355;               481476
                 356;               453780
                 357;               493540
                 358;               480484
                 359;               478732
