                   0;               717532
                   1;               631312
                   2;               613312
                   3;               601956
                   4;               604836
                   5;               610860
                   6;               604336
                   7;               605220
                   8;               657756
                   9;               604832
                  10;               620384
                  11;               668568
                  12;               604500
                  13;               604756
                  14;               604948
                  15;               609824
                  16;               596844
                  17;               608488
                  18;               602516
                  19;               609060
                  20;               602908
                  21;               600692
                  22;               659032
                  23;               654992
                  24;               587780
                  25;               600772
                  26;               602920
                  27;               600500
                  28;               601152
                  29;               603180
                  30;               658576
                  31;               599288
                  32;               606256
                  33;               602232
                  34;               603940
                  35;               604104
                  36;               593860
                  37;               604412
                  38;               645056
                  39;               603828
                  40;               599264
                  41;               597680
                  42;               601100
                  43;               604344
                  44;               586384
                  45;               601720
                  46;               646496
                  47;               605116
                  48;               601644
                  49;               603532
                  50;               606292
                  51;               601556
                  52;               603004
                  53;               606832
                  54;               642228
                  55;               604356
                  56;               591548
                  57;               598124
                  58;               606824
                  59;               600960
                  60;               600768
                  61;               602488
                  62;               599480
                  63;               590976
                  64;               588648
                  65;               601408
                  66;               853948
                  67;              1437292
                  68;               641092
                  69;               622040
                  70;               624532
                  71;               615380
                  72;               609008
                  73;               606152
                  74;               667240
                  75;               603536
                  76;               609368
                  77;               601664
                  78;               604420
                  79;               611572
                  80;               600548
                  81;               608008
                  82;               613056
                  83;               587776
                  84;               606488
                  85;               612004
                  86;               599584
                  87;               608404
                  88;               602456
                  89;               605912
                  90;               608336
                  91;               603584
                  92;               602196
                  93;               659656
                  94;               601476
                  95;               605480
                  96;               598436
                  97;               606972
                  98;               605508
                  99;               606668
                 100;               603484
                 101;               665320
                 102;               594008
                 103;               588736
                 104;               603056
                 105;               607660
                 106;               604504
                 107;               605340
                 108;               608084
                 109;               671588
                 110;               604952
                 111;               614484
                 112;               599200
                 113;               605316
                 114;               609764
                 115;               602064
                 116;               602192
                 117;               668508
                 118;               604128
                 119;               609872
                 120;               599616
                 121;               604016
                 122;               595072
                 123;               585344
                 124;               603796
                 125;               642440
                 126;               599288
                 127;               603164
                 128;               598240
                 129;               602268
                 130;               605028
                 131;               598468
                 132;               606160
                 133;               597692
                 134;               599696
                 135;               606588
                 136;               602060
                 137;               600240
                 138;               604080
                 139;               603336
                 140;               602724
                 141;               603260
                 142;               599324
                 143;               592868
                 144;               601596
                 145;               600468
                 146;               665032
                 147;               600036
                 148;               602284
                 149;               589452
                 150;               594964
                 151;               602096
                 152;               604460
                 153;               606396
                 154;               653120
                 155;               597808
                 156;               603556
                 157;               601620
                 158;               602836
                 159;               603460
                 160;               603440
                 161;               601120
                 162;               638204
                 163;               599876
                 164;               598852
                 165;               599060
                 166;               606032
                 167;               602176
                 168;               602336
                 169;               592960
                 170;               584272
                 171;               598252
                 172;               605156
                 173;               601804
                 174;               599220
                 175;               600916
                 176;               597660
                 177;               603004
                 178;               601896
                 179;               599768
                 180;               604448
                 181;               603660
                 182;               601588
                 183;               596500
                 184;               603504
                 185;               598904
                 186;               597856
                 187;               604488
                 188;               603028
                 189;               599844
                 190;               587264
                 191;               640264
                 192;               596848
                 193;               604600
                 194;               602568
                 195;               598256
                 196;               594708
                 197;               600852
                 198;               602000
                 199;               642060
                 200;               606920
                 201;               606388
                 202;               598692
                 203;               600292
                 204;               605928
                 205;               605804
                 206;               601332
                 207;               594732
                 208;               599760
                 209;               601944
                 210;               599932
                 211;               598848
                 212;               597088
                 213;               606060
                 214;               601452
                 215;               605444
                 216;               599780
                 217;               597160
                 218;               598240
                 219;               599068
                 220;               598136
                 221;               603484
                 222;               596240
                 223;               595664
                 224;               602724
                 225;               601060
                 226;               603204
                 227;               605200
                 228;               641100
                 229;               601668
                 230;               604364
                 231;               600708
                 232;               603444
                 233;               606132
                 234;               601340
                 235;               600532
                 236;               640688
                 237;               579844
                 238;               607560
                 239;               601668
                 240;               602468
                 241;               601980
                 242;               603172
                 243;               590996
                 244;               597848
                 245;               604152
                 246;               605068
                 247;               604640
                 248;               600240
                 249;               598576
                 250;               592888
                 251;               614164
                 252;               601900
                 253;               602544
                 254;               605620
                 255;               602620
                 256;               603112
                 257;               587620
                 258;               599924
                 259;               606852
                 260;               660524
                 261;               647520
                 262;               670528
                 263;               740632
                 264;               610048
                 265;               605976
                 266;               608816
                 267;               626212
                 268;               613012
                 269;               608760
                 270;               591172
                 271;               607832
                 272;               613748
                 273;               610672
                 274;               607012
                 275;               610812
                 276;               610632
                 277;               613484
                 278;               677080
                 279;               607692
                 280;               611856
                 281;               613504
                 282;               640752
                 283;               597740
                 284;               608928
                 285;               609544
                 286;               609316
                 287;               663548
                 288;               617588
                 289;               633548
                 290;               608212
                 291;               612436
                 292;               616636
                 293;               676632
                 294;               600028
                 295;               609212
                 296;               600932
                 297;               613660
                 298;               617648
                 299;               620556
                 300;               609072
                 301;               604372
                 302;               610564
                 303;               608892
                 304;               656636
                 305;               631940
                 306;               668336
                 307;               631592
                 308;               619900
                 309;               743336
                 310;               670908
                 311;               647900
                 312;               611792
                 313;               613676
                 314;               610652
                 315;               612300
                 316;               621004
                 317;               611368
                 318;               609268
                 319;               617496
                 320;               614956
                 321;               613504
                 322;               599296
                 323;               613432
                 324;               609524
                 325;               617092
                 326;               621016
                 327;               613460
                 328;               612788
                 329;               656992
                 330;               620788
                 331;               607400
                 332;               604828
                 333;               626384
                 334;               615304
                 335;               613908
                 336;               607632
                 337;               652108
                 338;               613732
                 339;               611648
                 340;               637200
                 341;               602352
                 342;               588652
                 343;               613852
                 344;               609564
                 345;               632856
                 346;               607116
                 347;               613292
                 348;               608892
                 349;               645028
                 350;               614348
                 351;               611068
                 352;               618480
                 353;               611208
                 354;               633272
                 355;               602008
                 356;               606260
                 357;               610980
                 358;               613156
                 359;               635644
