                   0;               700436
                   1;               636920
                   2;               596992
                   3;               615936
                   4;               667956
                   5;               607376
                   6;               626972
                   7;               658644
                   8;               605548
                   9;               614792
                  10;               604524
                  11;               607580
                  12;               609156
                  13;               592092
                  14;               601092
                  15;               589880
                  16;               604368
                  17;               604396
                  18;               603956
                  19;               601120
                  20;               601468
                  21;               614812
                  22;               605528
                  23;               652584
                  24;               606296
                  25;               603168
                  26;               601304
                  27;               599140
                  28;               607284
                  29;               601064
                  30;               602552
                  31;               647412
                  32;               601492
                  33;               598864
                  34;               598340
                  35;               597436
                  36;               605656
                  37;               601968
                  38;               599944
                  39;               602800
                  40;               592024
                  41;               606188
                  42;               592120
                  43;               601332
                  44;               643728
                  45;               603476
                  46;               602128
                  47;               591888
                  48;               598620
                  49;               601756
                  50;               602520
                  51;               600376
                  52;               599768
                  53;               600724
                  54;               602156
                  55;               598864
                  56;               601724
                  57;               603212
                  58;               603636
                  59;               606876
                  60;               600576
                  61;               602304
                  62;               591928
                  63;               598620
                  64;               649956
                  65;               670512
                  66;               624176
                  67;               617244
                  68;               609616
                  69;               617020
                  70;               610308
                  71;               667096
                  72;               606376
                  73;               603496
                  74;               599676
                  75;               613080
                  76;               606160
                  77;               601204
                  78;               604356
                  79;               660252
                  80;               592404
                  81;               603988
                  82;               601168
                  83;               600784
                  84;               602468
                  85;               601084
                  86;               602952
                  87;               591540
                  88;               603200
                  89;               602896
                  90;               600228
                  91;               601416
                  92;               647092
                  93;               600936
                  94;               599984
                  95;               600080
                  96;               600504
                  97;               607116
                  98;               600192
                  99;               602244
                 100;               602692
                 101;               601360
                 102;               584272
                 103;               603956
                 104;               599088
                 105;               602100
                 106;               603212
                 107;               596676
                 108;               600980
                 109;               602252
                 110;               604696
                 111;               605128
                 112;               601460
                 113;               603220
                 114;               591784
                 115;               603412
                 116;               600164
                 117;               600316
                 118;               601692
                 119;               600080
                 120;               598844
                 121;               593324
                 122;               600932
                 123;               602728
                 124;               604828
                 125;               605196
                 126;               598804
                 127;               603012
                 128;               604372
                 129;               590372
                 130;               601288
                 131;               642492
                 132;               594236
                 133;               602464
                 134;               600168
                 135;               605748
                 136;               586792
                 137;               601568
                 138;               598592
                 139;               602088
                 140;               601888
                 141;               595664
                 142;               601464
                 143;               603384
                 144;               644300
                 145;               598688
                 146;               600800
                 147;               600736
                 148;               590276
                 149;               613780
                 150;               604740
                 151;               608900
                 152;               649896
                 153;               599824
                 154;               603168
                 155;               601268
                 156;               599120
                 157;               602564
                 158;               600160
                 159;               603032
                 160;               600684
                 161;               602848
                 162;               604604
                 163;               582108
                 164;               605780
                 165;               641872
                 166;               601612
                 167;               600216
                 168;               601836
                 169;               601484
                 170;               602880
                 171;               599520
                 172;               602552
                 173;               603652
                 174;               602380
                 175;               593440
                 176;               601508
                 177;               602716
                 178;               640904
                 179;               602116
                 180;               598720
                 181;               601180
                 182;               593672
                 183;               602272
                 184;               607080
                 185;               604448
                 186;               599360
                 187;               601748
                 188;               599296
                 189;               600292
                 190;               590704
                 191;               640024
                 192;               602952
                 193;               604076
                 194;               599784
                 195;               603160
                 196;               603836
                 197;               599820
                 198;               599424
                 199;               600384
                 200;               605272
                 201;               603548
                 202;               602440
                 203;               605596
                 204;               644108
                 205;               602628
                 206;               600184
                 207;               607676
                 208;               601476
                 209;               595184
                 210;               601336
                 211;               605284
                 212;               599616
                 213;               602384
                 214;               598972
                 215;               598528
                 216;               593764
                 217;               622076
                 218;               600520
                 219;               602732
                 220;               602880
                 221;               603176
                 222;               601192
                 223;               599524
                 224;               598148
                 225;               595320
                 226;               598840
                 227;               600764
                 228;               599960
                 229;               599564
                 230;               638828
                 231;               599820
                 232;               601228
                 233;               598516
                 234;               602680
                 235;               597132
                 236;               598904
                 237;               599848
                 238;               601100
                 239;               600484
                 240;               600024
                 241;               600372
                 242;               606212
                 243;               630848
                 244;               597436
                 245;               602592
                 246;               600244
                 247;               602840
                 248;               597304
                 249;               603612
                 250;               594024
                 251;               594456
                 252;               605240
                 253;               606616
                 254;               599328
                 255;               598008
                 256;               651300
                 257;               597864
                 258;               599896
                 259;               598556
                 260;               600792
                 261;               604108
                 262;               598932
                 263;               598556
                 264;               603396
                 265;               604476
                 266;               617720
                 267;               650700
                 268;               650120
                 269;               623976
                 270;               604172
                 271;               601048
                 272;               612896
                 273;               622700
                 274;               606800
                 275;               610668
                 276;               607172
                 277;               613132
                 278;               639500
                 279;               608456
                 280;               612588
                 281;               612948
                 282;               613712
                 283;               652728
                 284;               641572
                 285;               614332
                 286;               607276
                 287;               613420
                 288;               610440
                 289;               602212
                 290;               602968
                 291;               610724
                 292;               612492
                 293;               612728
                 294;               611068
                 295;               605656
                 296;               611508
                 297;               613740
                 298;               635124
                 299;               652792
                 300;               602596
                 301;               607164
                 302;               646316
                 303;               603612
                 304;               604236
                 305;               655516
                 306;               621668
                 307;               672552
                 308;               680832
                 309;               622624
                 310;               636744
                 311;               624612
                 312;               610284
                 313;               611784
                 314;               608092
                 315;               614968
                 316;               623048
                 317;               609860
                 318;               608984
                 319;               607724
                 320;               614712
                 321;               619944
                 322;               602140
                 323;               611348
                 324;               608832
                 325;               612168
                 326;               636196
                 327;               611364
                 328;               606144
                 329;               615608
                 330;               608036
                 331;               642240
                 332;               613900
                 333;               607388
                 334;               628028
                 335;               617864
                 336;               614916
                 337;               613200
                 338;               605124
                 339;               611104
                 340;               683096
                 341;               610032
                 342;               611084
                 343;               610524
                 344;               622280
                 345;               613288
                 346;               616364
                 347;               611216
                 348;               654612
                 349;               610420
                 350;               606776
                 351;               611472
                 352;               613456
                 353;               617760
                 354;               607956
                 355;               606864
                 356;               652088
                 357;               594888
                 358;               611884
                 359;               611692
