                   0;              3766260
                   1;              3061364
                   2;              3063400
                   3;              3062744
                   4;              3059400
                   5;              3063876
                   6;              3059500
                   7;              3057384
                   8;              3057432
                   9;              3060188
                  10;              3063344
                  11;              3056788
                  12;              3059416
                  13;              3055068
                  14;              3090116
                  15;              3089348
                  16;              3087244
                  17;              3092068
                  18;              3090140
                  19;              3090936
                  20;              3035036
                  21;              3029904
                  22;              3064000
                  23;              3053368
                  24;              3055144
                  25;              3057448
                  26;              3055244
                  27;              3057084
                  28;              3059692
                  29;              3056344
                  30;              3056096
                  31;              3058972
                  32;              3053824
                  33;              3059616
                  34;              3056348
                  35;              3096900
                  36;              3087612
                  37;              3093120
                  38;              3090216
                  39;              6887012
                  40;              3047940
                  41;              3056284
                  42;              3051160
                  43;              4133120
                  44;              3099616
                  45;              3120100
                  46;              3089924
                  47;              3091440
                  48;              3096740
                  49;              3096816
                  50;              3062132
                  51;              3058176
                  52;              3064432
                  53;              3060240
                  54;              3059860
                  55;              3057024
                  56;              3054368
                  57;              3050712
                  58;              3028860
                  59;              3028736
                  60;              3028744
                  61;              3031392
                  62;              3051404
                  63;              3026940
                  64;              3028412
                  65;              3035584
                  66;              3098468
                  67;              3089532
                  68;              3059628
                  69;              3064472
                  70;              3092728
                  71;              3090064
                  72;              3420736
                  73;              3053368
                  74;              3052004
                  75;              3050084
                  76;              3050152
                  77;              3110004
                  78;              3052232
                  79;              3052672
                  80;              3055224
                  81;              3024340
                  82;              3052128
                  83;              3031032
                  84;              3028364
                  85;              3032788
                  86;              3021768
                  87;              3052360
                  88;              3056528
                  89;              3057796
                  90;              3063332
                  91;              3064668
                  92;              3059804
                  93;              3065036
                  94;              3059892
                  95;              3060912
                  96;              3093084
                  97;              3050256
                  98;              3055156
                  99;              3057076
                 100;              3057692
                 101;              3055368
                 102;              3054616
                 103;              3051780
                 104;              3054940
                 105;              3056804
                 106;              3056328
                 107;              3052264
                 108;              3052544
                 109;              3026772
                 110;              3026876
                 111;              3024436
                 112;              3025236
                 113;              3069032
                 114;              3055488
                 115;              3085844
                 116;              3090180
                 117;              3087300
                 118;              3107240
                 119;              3093376
                 120;              3018712
                 121;              3059540
                 122;              3052224
                 123;              3054760
                 124;              3052836
                 125;              3049220
                 126;              3051236
                 127;              3051768
                 128;              3051376
                 129;              3050940
                 130;              3026428
                 131;              3024392
                 132;              3029860
                 133;              3031544
                 134;              3025460
                 135;              3031580
                 136;              3028648
                 137;              3093188
                 138;              3091548
                 139;              3090888
                 140;              3092524
                 141;              3054560
                 142;              3054348
                 143;              3053228
                 144;              3057824
                 145;              3023000
                 146;              3053800
                 147;              3055368
                 148;              3055256
                 149;              3051280
                 150;              3053456
                 151;              3048408
                 152;              3052036
                 153;              3026692
                 154;              3017368
                 155;              3026800
                 156;              3051636
                 157;              3055964
                 158;              3048848
                 159;              3054192
                 160;              3057732
                 161;              3091216
                 162;              3085532
                 163;              3084124
                 164;              3063160
                 165;              3053812
                 166;              3054968
                 167;              3059704
                 168;              3065552
                 169;              3029448
                 170;              3059444
                 171;              3055588
                 172;              3054692
                 173;              3051664
                 174;              3057800
                 175;              3054952
                 176;              3053964
                 177;              3053460
                 178;              3024948
                 179;              3033228
                 180;              3023168
                 181;              3025752
                 182;              3022996
                 183;              3190540
                 184;              3079184
                 185;              3067676
                 186;              3089224
                 187;              3100428
                 188;              3090952
                 189;              3061516
                 190;              3053412
                 191;              3061024
                 192;              3060700
                 193;              3053020
                 194;              3053912
                 195;              3059116
                 196;              3056860
                 197;              3052100
                 198;              3056208
                 199;              3026432
                 200;              3054108
                 201;              3053320
                 202;              3052928
                 203;              3059472
                 204;              3057384
                 205;              3100328
                 206;              3058696
                 207;              3057640
                 208;              3088484
                 209;              3090732
                 210;              3133552
                 211;              3061336
                 212;              3042836
                 213;              3063380
                 214;              3049156
                 215;              3056180
                 216;              3049000
                 217;              3054124
                 218;              6451740
                 219;              3089032
                 220;              3093184
                 221;              3091760
                 222;              3086768
                 223;              3090824
                 224;              3094004
                 225;              3049920
                 226;              3055600
                 227;              3061196
                 228;              3052636
                 229;              3058032
                 230;              3052572
                 231;              3056260
                 232;              3059796
                 233;              3055328
                 234;              3030964
                 235;              3027348
                 236;              3058052
                 237;              3054004
                 238;              3057380
                 239;              3062420
                 240;              3089288
                 241;              3089276
                 242;              3379688
                 243;              3053776
                 244;              3084960
                 245;              3089804
                 246;              3069016
                 247;              3026704
                 248;              3062024
                 249;              3058876
                 250;              3064344
                 251;              3656492
                 252;              3623488
                 253;              7680716
                 254;              7920444
                 255;              3225300
                 256;              3065724
                 257;              3261068
                 258;              3494268
                 259;              3057604
                 260;              3278748
                 261;              3081908
                 262;              3061504
                 263;              3265740
                 264;              3005956
                 265;              3054084
                 266;              3029928
                 267;              3044960
                 268;              3293640
                 269;              3025104
                 270;              3023156
                 271;              3549180
                 272;              3007184
                 273;              3163928
                 274;              3030564
                 275;              3046196
                 276;              3178516
                 277;              3051784
                 278;              3075372
                 279;              3500124
                 280;              3091680
                 281;              3056420
                 282;              3143416
                 283;              3050324
                 284;              3143268
                 285;              7934088
                 286;              3061372
                 287;              3038208
                 288;              3224660
                 289;              3034276
                 290;              3037696
                 291;              3871664
                 292;              3231648
                 293;              3056576
                 294;              3318112
                 295;              3075304
                 296;              3045808
                 297;              3243976
                 298;              3024520
                 299;              3047256
                 300;              3160212
                 301;              3040356
                 302;              4793364
                 303;              3230472
                 304;              3232352
                 305;              3031072
                 306;              3043772
                 307;              3147452
                 308;              3052240
                 309;              3138540
                 310;              8145320
                 311;              3876536
                 312;              3052376
                 313;              3358172
                 314;              3031620
                 315;              3031628
                 316;              3244416
                 317;              3096924
                 318;              3030960
                 319;              3230480
                 320;              3030340
                 321;              3032828
                 322;              3152448
                 323;              5802776
                 324;              3200724
                 325;              3052420
                 326;              3104684
                 327;              4688564
                 328;              7740104
                 329;              3266560
                 330;              3074340
                 331;              3298840
                 332;              3102904
                 333;              3024224
                 334;              3293984
                 335;              3041040
                 336;              3284700
                 337;              3048668
                 338;              3012648
                 339;              3176788
                 340;              3023712
                 341;              3225756
                 342;              3152640
                 343;              3050796
                 344;              3253440
                 345;              3088888
                 346;              3038956
                 347;              3181388
                 348;              3005160
                 349;              3091744
                 350;              3221156
                 351;              3027744
                 352;              6739104
                 353;              3251308
                 354;              3056952
                 355;              3297920
                 356;              3047744
                 357;              3028112
                 358;              3200000
                 359;              3001996
