                   0;               714244
                   1;               639476
                   2;               628924
                   3;               612296
                   4;               632432
                   5;               620148
                   6;               605680
                   7;               618692
                   8;               685340
                   9;               610616
                  10;               614968
                  11;               609464
                  12;               604280
                  13;               609776
                  14;               610252
                  15;               605480
                  16;               665156
                  17;               610528
                  18;               611824
                  19;               599968
                  20;               610036
                  21;               616444
                  22;               606332
                  23;               611060
                  24;               673060
                  25;               603952
                  26;               612200
                  27;               609304
                  28;               608196
                  29;               610444
                  30;               604336
                  31;               613804
                  32;               610268
                  33;               607040
                  34;               608296
                  35;               594136
                  36;               604680
                  37;               612268
                  38;               610932
                  39;               600096
                  40;               610900
                  41;               606868
                  42;               609364
                  43;               610056
                  44;               607516
                  45;               655460
                  46;               600072
                  47;               608920
                  48;               601200
                  49;               609564
                  50;               610056
                  51;               609084
                  52;               612332
                  53;               605420
                  54;               603756
                  55;               603180
                  56;               609644
                  57;               612116
                  58;               603400
                  59;               605192
                  60;               609392
                  61;               604616
                  62;               598180
                  63;               610456
                  64;              1351632
                  65;               667432
                  66;               631456
                  67;               624060
                  68;               630532
                  69;               621264
                  70;               612204
                  71;               614856
                  72;               605008
                  73;               612484
                  74;               607908
                  75;               616220
                  76;               606876
                  77;               612616
                  78;               607780
                  79;               611020
                  80;               610140
                  81;               596264
                  82;               605972
                  83;               609492
                  84;               612556
                  85;               607524
                  86;               610828
                  87;               610420
                  88;               615160
                  89;               605676
                  90;               608936
                  91;               611092
                  92;               600828
                  93;               607000
                  94;               668688
                  95;               609720
                  96;               618416
                  97;               609756
                  98;               609072
                  99;               611436
                 100;               610372
                 101;               599176
                 102;               646660
                 103;               609816
                 104;               610844
                 105;               608788
                 106;               607140
                 107;               611048
                 108;               601552
                 109;               609200
                 110;               604908
                 111;               609700
                 112;               606616
                 113;               605968
                 114;               610344
                 115;               602836
                 116;               605336
                 117;               607052
                 118;               606900
                 119;               598500
                 120;               609608
                 121;               606596
                 122;               609752
                 123;               644476
                 124;               607864
                 125;               608460
                 126;               607680
                 127;               607632
                 128;               595200
                 129;               610892
                 130;               610948
                 131;               607948
                 132;               602392
                 133;               605732
                 134;               611804
                 135;               608968
                 136;               609160
                 137;               609912
                 138;               608584
                 139;               610848
                 140;               609268
                 141;               615016
                 142;               607148
                 143;               604896
                 144;               647368
                 145;               608640
                 146;               601008
                 147;               606748
                 148;               612060
                 149;               609960
                 150;               607104
                 151;               609780
                 152;               652536
                 153;               609296
                 154;               609560
                 155;               592996
                 156;               610768
                 157;               610104
                 158;               603784
                 159;               607952
                 160;               604808
                 161;               608772
                 162;               605988
                 163;               608788
                 164;               606348
                 165;               649772
                 166;               609536
                 167;               612092
                 168;               608884
                 169;               611964
                 170;               612128
                 171;               606308
                 172;               609172
                 173;               597292
                 174;               605732
                 175;               604460
                 176;               604072
                 177;               600940
                 178;               608884
                 179;               604464
                 180;               603892
                 181;               611008
                 182;               598124
                 183;               612232
                 184;               608112
                 185;               609828
                 186;               648988
                 187;               603436
                 188;               606468
                 189;               607992
                 190;               608228
                 191;               615252
                 192;               604828
                 193;               614036
                 194;               610324
                 195;               608656
                 196;               607956
                 197;               610448
                 198;               607104
                 199;               609508
                 200;               601812
                 201;               610568
                 202;               596168
                 203;               608848
                 204;               608140
                 205;               605908
                 206;               602540
                 207;               648744
                 208;               611488
                 209;               604372
                 210;               607636
                 211;               608832
                 212;               607300
                 213;               608208
                 214;               609320
                 215;               607036
                 216;               610236
                 217;               610800
                 218;               608436
                 219;               608844
                 220;               609348
                 221;               605844
                 222;               612744
                 223;               605764
                 224;               607460
                 225;               609352
                 226;               609172
                 227;               595064
                 228;               659916
                 229;               593488
                 230;               606040
                 231;               606668
                 232;               606856
                 233;               609224
                 234;               595676
                 235;               612376
                 236;               606472
                 237;               608916
                 238;               615844
                 239;               607160
                 240;               610128
                 241;               601476
                 242;               604564
                 243;               606396
                 244;               603420
                 245;               605956
                 246;               607388
                 247;               606704
                 248;               612824
                 249;               654612
                 250;               612732
                 251;               663500
                 252;               627256
                 253;               665972
                 254;               620100
                 255;               646216
                 256;               613528
                 257;               615556
                 258;               618660
                 259;               649400
                 260;               611248
                 261;               616744
                 262;               618284
                 263;               624576
                 264;               621760
                 265;               616420
                 266;               616400
                 267;               609492
                 268;               623392
                 269;               612872
                 270;               615184
                 271;               658968
                 272;               615816
                 273;               662896
                 274;               617700
                 275;               629864
                 276;               617324
                 277;               610728
                 278;               609752
                 279;               651712
                 280;               612188
                 281;               618840
                 282;               598040
                 283;               616172
                 284;               613932
                 285;               618292
                 286;               620232
                 287;               640676
                 288;               612912
                 289;               614820
                 290;               612720
                 291;               625056
                 292;               619656
                 293;               663628
                 294;               611192
                 295;               616920
                 296;               614916
                 297;               617056
                 298;               700304
                 299;               613900
                 300;               635544
                 301;               622540
                 302;               653404
                 303;               696044
                 304;               749896
                 305;               657588
                 306;               637680
                 307;               628888
                 308;               751156
                 309;               631620
                 310;               614560
                 311;               615944
                 312;               619776
                 313;               609604
                 314;               618484
                 315;               666884
                 316;               617592
                 317;               617096
                 318;               617948
                 319;               645372
                 320;               611468
                 321;               614496
                 322;               618548
                 323;               617520
                 324;               622928
                 325;               614408
                 326;               618684
                 327;               662684
                 328;               604344
                 329;               615848
                 330;               618232
                 331;               617360
                 332;               671720
                 333;               607420
                 334;               613808
                 335;               621976
                 336;               618084
                 337;               671604
                 338;               611268
                 339;               617880
                 340;               619872
                 341;               614992
                 342;               676180
                 343;               621476
                 344;               618308
                 345;               617336
                 346;               616664
                 347;               620020
                 348;               616216
                 349;               614084
                 350;               622308
                 351;               619172
                 352;               660580
                 353;               605640
                 354;               616356
                 355;               620316
                 356;               623876
                 357;               619440
                 358;               615300
                 359;               617368
