                   0;              5560916
                   1;               508032
                   2;               516372
                   3;               496212
                   4;               495328
                   5;               535692
                   6;               496960
                   7;               528352
                   8;               494244
                   9;               485524
                  10;               478944
                  11;               474212
                  12;               469840
                  13;               473344
                  14;               490388
                  15;               458436
                  16;               471976
                  17;               476836
                  18;               475156
                  19;               473652
                  20;               472900
                  21;               470960
                  22;               472960
                  23;               502796
                  24;               443384
                  25;               470444
                  26;               476536
                  27;               481140
                  28;               473228
                  29;               476484
                  30;               485028
                  31;               462648
                  32;               471884
                  33;               468296
                  34;               475980
                  35;               461076
                  36;               468352
                  37;               477892
                  38;               483832
                  39;               477212
                  40;               479876
                  41;               471852
                  42;               472672
                  43;               471544
                  44;               470688
                  45;               474188
                  46;               476196
                  47;               473620
                  48;               472508
                  49;               470240
                  50;               475468
                  51;               466164
                  52;               473372
                  53;              6910652
                  54;               554444
                  55;               493660
                  56;               487916
                  57;               516756
                  58;               562944
                  59;               479176
                  60;               479948
                  61;               473508
                  62;               477724
                  63;               470164
                  64;               471380
                  65;               474592
                  66;               462552
                  67;               470448
                  68;               452124
                  69;               448144
                  70;               449960
                  71;               453424
                  72;               477168
                  73;               439156
                  74;               477348
                  75;               477448
                  76;               468024
                  77;               463484
                  78;               447436
                  79;               472116
                  80;               502088
                  81;               451276
                  82;               443184
                  83;               474700
                  84;               471184
                  85;               455416
                  86;               452676
                  87;               467392
                  88;               468244
                  89;               511064
                  90;               468424
                  91;               451008
                  92;               448484
                  93;               471700
                  94;               476184
                  95;               470088
                  96;               478212
                  97;               473916
                  98;               478228
                  99;               470360
                 100;               462096
                 101;               471940
                 102;               466020
                 103;               486832
                 104;               478900
                 105;               479648
                 106;               483152
                 107;               473872
                 108;               469176
                 109;               473676
                 110;               474320
                 111;               485504
                 112;               444600
                 113;               450052
                 114;               476164
                 115;               476512
                 116;               467484
                 117;               478628
                 118;               479908
                 119;               476268
                 120;               466432
                 121;               468840
                 122;               472804
                 123;               471032
                 124;               474360
                 125;               483720
                 126;               478792
                 127;               476748
                 128;               475768
                 129;               470992
                 130;               471204
                 131;               471292
                 132;               468092
                 133;               485400
                 134;               456672
                 135;               480884
                 136;               478048
                 137;               477704
                 138;               457212
                 139;               454528
                 140;               458752
                 141;               447100
                 142;               445272
                 143;               437604
                 144;               445152
                 145;               449060
                 146;               467636
                 147;               476820
                 148;               478984
                 149;               471576
                 150;               486032
                 151;               477916
                 152;               472344
                 153;               472240
                 154;               473424
                 155;               507044
                 156;               467328
                 157;               471296
                 158;               443040
                 159;               454820
                 160;               474552
                 161;               474652
                 162;               476564
                 163;               470708
                 164;               471948
                 165;               470620
                 166;               468012
                 167;               482484
                 168;               464496
                 169;               474920
                 170;               463368
                 171;               469556
                 172;               484524
                 173;               476140
                 174;               475152
                 175;               471756
                 176;               467116
                 177;               469636
                 178;               476648
                 179;               478276
                 180;               484124
                 181;               472556
                 182;               470232
                 183;               470964
                 184;               474152
                 185;               459480
                 186;               484948
                 187;               441856
                 188;               453056
                 189;               466376
                 190;               454852
                 191;               453836
                 192;               469784
                 193;               471412
                 194;               470536
                 195;               474692
                 196;               464204
                 197;               460816
                 198;               457148
                 199;               474228
                 200;               458540
                 201;               474852
                 202;               473052
                 203;               477860
                 204;               472412
                 205;               445400
                 206;               446176
                 207;               476056
                 208;               466208
                 209;               443860
                 210;               445456
                 211;               456208
                 212;               472388
                 213;               478888
                 214;               482152
                 215;               470736
                 216;               477492
                 217;               465564
                 218;               474644
                 219;               474552
                 220;               474228
                 221;               477820
                 222;               450852
                 223;               441368
                 224;               460464
                 225;               474212
                 226;               477140
                 227;               479052
                 228;               481408
                 229;               474600
                 230;               468780
                 231;               476440
                 232;               472056
                 233;               470560
                 234;               440680
                 235;               472956
                 236;               472008
                 237;               476492
                 238;               474576
                 239;               474000
                 240;               460404
                 241;               475176
                 242;               464052
                 243;               483988
                 244;               448088
                 245;               453820
                 246;              5767972
                 247;               560504
                 248;               500324
                 249;               489084
                 250;              1490820
                 251;               495764
                 252;               484432
                 253;               549768
                 254;               454652
                 255;               484004
                 256;               468748
                 257;               484800
                 258;               471180
                 259;               462864
                 260;               453964
                 261;               577480
                 262;               899956
                 263;               527456
                 264;               466176
                 265;               456136
                 266;               446668
                 267;               457360
                 268;               459484
                 269;               482748
                 270;               467364
                 271;               481116
                 272;               452752
                 273;               444484
                 274;               449552
                 275;               446748
                 276;               467016
                 277;               475380
                 278;               483660
                 279;               452228
                 280;               462832
                 281;               459248
                 282;               483376
                 283;               450292
                 284;               457336
                 285;               478024
                 286;               450812
                 287;               476256
                 288;               460564
                 289;               477484
                 290;               464320
                 291;               452420
                 292;               450884
                 293;               432036
                 294;               450024
                 295;               478048
                 296;               449260
                 297;               441112
                 298;               484604
                 299;               458184
                 300;               480300
                 301;               453984
                 302;               446376
                 303;               444036
                 304;               446188
                 305;               451236
                 306;               447916
                 307;               444160
                 308;               481140
                 309;               446332
                 310;               450860
                 311;               444892
                 312;               468744
                 313;               459540
                 314;               469428
                 315;               462868
                 316;               480064
                 317;               457360
                 318;               446076
                 319;               450472
                 320;               436208
                 321;               486204
                 322;               450940
                 323;               452604
                 324;               450140
                 325;               445044
                 326;               446632
                 327;               454316
                 328;               452244
                 329;               454840
                 330;               456660
                 331;               456752
                 332;               458920
                 333;               459508
                 334;               457720
                 335;               482656
                 336;               450136
                 337;               480932
                 338;               495352
                 339;               480652
                 340;               459616
                 341;               462660
                 342;               475092
                 343;               455932
                 344;               436444
                 345;               494896
                 346;               522976
                 347;               433048
                 348;               520244
                 349;               481428
                 350;               453308
                 351;               473984
                 352;               468900
                 353;               470108
                 354;               454608
                 355;               472076
                 356;               454032
                 357;               485780
                 358;               439284
                 359;               472340
