                   0;              3732448
                   1;              3400112
                   2;              3385116
                   3;              3385340
                   4;              3400508
                   5;              3395452
                   6;              3381764
                   7;              3388392
                   8;              3422040
                   9;              5220144
                  10;              3360312
                  11;              3394580
                  12;              3386632
                  13;              3394468
                  14;              3378944
                  15;              3394668
                  16;              3386792
                  17;              3431100
                  18;              3425692
                  19;              3424856
                  20;              3422632
                  21;              3385652
                  22;              3395548
                  23;              3397812
                  24;              3390852
                  25;              3394616
                  26;              3384056
                  27;              3389380
                  28;              3385096
                  29;              3421920
                  30;              3421336
                  31;              3421860
                  32;              3421484
                  33;              3422280
                  34;              3400344
                  35;              3385020
                  36;              3363468
                  37;              3366412
                  38;              3882688
                  39;              3434060
                  40;              3395864
                  41;              3403972
                  42;              3400668
                  43;              3388860
                  44;              3400308
                  45;              3382456
                  46;              3393624
                  47;              3390972
                  48;              3383896
                  49;              3389268
                  50;              3391744
                  51;              3425980
                  52;              3427848
                  53;              3411248
                  54;              3421376
                  55;              3387412
                  56;              3383540
                  57;              3384984
                  58;              3388112
                  59;              3386772
                  60;              3381972
                  61;              3393072
                  62;              3387696
                  63;              3418648
                  64;              3421884
                  65;              3389148
                  66;              3393188
                  67;              3392672
                  68;              3359700
                  69;              3395404
                  70;              3393976
                  71;              3392924
                  72;              3379912
                  73;              3381796
                  74;              3385888
                  75;              3389696
                  76;              3392656
                  77;              3392576
                  78;              3391492
                  79;              3392116
                  80;              3394712
                  81;              3359724
                  82;              3383316
                  83;              3384476
                  84;              3389892
                  85;              3382396
                  86;              3386100
                  87;              3379356
                  88;              3391040
                  89;              3384948
                  90;              3396728
                  91;              3388704
                  92;              3397048
                  93;              3392988
                  94;              3393488
                  95;              3359476
                  96;              3360028
                  97;              3359308
                  98;              3364588
                  99;              3365068
                 100;              3360884
                 101;              3353740
                 102;              3387112
                 103;              3395972
                 104;              3423576
                 105;              3422756
                 106;              3417928
                 107;              3415104
                 108;              3385780
                 109;              3359112
                 110;              3360452
                 111;              3360620
                 112;              3353940
                 113;              3366440
                 114;              3387228
                 115;              3347632
                 116;              3392608
                 117;              3421104
                 118;              3424288
                 119;              3426632
                 120;              3424176
                 121;              3356180
                 122;              3388268
                 123;              3390848
                 124;              3392464
                 125;              3385840
                 126;              3384280
                 127;              3390096
                 128;              3384824
                 129;              3416968
                 130;              3359400
                 131;              3391292
                 132;              3388252
                 133;              3401212
                 134;              3389044
                 135;              3391472
                 136;              3385100
                 137;              3384420
                 138;              3390180
                 139;              3378892
                 140;              3389780
                 141;              3378560
                 142;              3427132
                 143;              3392276
                 144;              3395328
                 145;              3388064
                 146;              3412420
                 147;              3360352
                 148;              3471088
                 149;              3394880
                 150;              3393196
                 151;              3416116
                 152;              3397668
                 153;              3369544
                 154;              3389364
                 155;              3420808
                 156;              3420440
                 157;              3419356
                 158;              3421552
                 159;              3363344
                 160;              3397472
                 161;              3391228
                 162;              3388692
                 163;              3387228
                 164;              3387980
                 165;              3391204
                 166;              3384540
                 167;              3388616
                 168;              3391668
                 169;              3388808
                 170;              3397244
                 171;              3392592
                 172;              3361536
                 173;              3392756
                 174;              3389716
                 175;              3389924
                 176;              3387356
                 177;              3384904
                 178;              3420808
                 179;              3411900
                 180;              3432344
                 181;              3437588
                 182;              3394104
                 183;              3381676
                 184;              3389096
                 185;              3378748
                 186;              3382484
                 187;              3379332
                 188;              3361684
                 189;              3360440
                 190;              3389440
                 191;              3395224
                 192;              3387704
                 193;              3399624
                 194;              3396484
                 195;              3355116
                 196;              3362076
                 197;              3391956
                 198;              3360092
                 199;              3363240
                 200;              3386576
                 201;              3386104
                 202;              3380376
                 203;              3430908
                 204;              3418524
                 205;              3423536
                 206;              3427996
                 207;              3385408
                 208;              3389968
                 209;              3383700
                 210;              3384384
                 211;              3383592
                 212;              3388888
                 213;              3380460
                 214;              3384436
                 215;              3421676
                 216;              3391388
                 217;              3392456
                 218;              3423344
                 219;              3424336
                 220;              3387464
                 221;              3387692
                 222;              3383876
                 223;              3389300
                 224;              3385132
                 225;              3392600
                 226;              3379208
                 227;              3384092
                 228;              3418708
                 229;              3390260
                 230;              3392228
                 231;              3420504
                 232;              3390256
                 233;              3360796
                 234;              3355060
                 235;              3356040
                 236;              3365284
                 237;              3385152
                 238;              3359108
                 239;              3363320
                 240;              3364152
                 241;              3391200
                 242;              3421296
                 243;              3413760
                 244;              3465104
                 245;              3390224
                 246;              3353256
                 247;              3392772
                 248;              3392796
                 249;              3386708
                 250;              3380584
                 251;              3821880
                 252;              3868000
                 253;              3376768
                 254;              3672304
                 255;              3376620
                 256;              3648208
                 257;              3588004
                 258;              3378872
                 259;              3382696
                 260;              3380792
                 261;              3478608
                 262;              3361708
                 263;              3489860
                 264;              3607652
                 265;              3881048
                 266;              3371720
                 267;              3378800
                 268;              3633904
                 269;              3385648
                 270;              3571584
                 271;              3642596
                 272;              3637068
                 273;              3440308
                 274;              3394072
                 275;              3654144
                 276;              3414636
                 277;              3538876
                 278;              3467128
                 279;              3393856
                 280;              3518668
                 281;              3378976
                 282;              3976852
                 283;              3578028
                 284;              3411712
                 285;              3497484
                 286;              3413432
                 287;              3559560
                 288;              3351708
                 289;              3639408
                 290;              3369864
                 291;              3359100
                 292;              3637432
                 293;              3363644
                 294;              3901296
                 295;              3560840
                 296;              3388288
                 297;              3657932
                 298;              3363128
                 299;              3500244
                 300;              3388332
                 301;              3358636
                 302;              3861876
                 303;              3354356
                 304;              3481088
                 305;              3392460
                 306;              3550392
                 307;              3498896
                 308;              3377332
                 309;              3491524
                 310;              3366508
                 311;              3381368
                 312;              3589876
                 313;              3361900
                 314;              3361676
                 315;              3550864
                 316;              3421484
                 317;              3833400
                 318;              3368168
                 319;              3649964
                 320;              3383568
                 321;              3578136
                 322;              3530928
                 323;              3380552
                 324;              3504372
                 325;              3407228
                 326;              3589844
                 327;              3380148
                 328;              3541852
                 329;              3480900
                 330;              3406636
                 331;              4568948
                 332;              4348236
                 333;              3399436
                 334;              3669764
                 335;              3467544
                 336;              3391904
                 337;              3669740
                 338;              3347968
                 339;              3519076
                 340;              3366492
                 341;              3559436
                 342;              3365716
                 343;              3386888
                 344;              3537964
                 345;              3420404
                 346;              4267884
                 347;              3391580
                 348;              3632420
                 349;              3376056
                 350;              4442964
                 351;              3377400
                 352;              3647716
                 353;              3467692
                 354;              3397460
                 355;              3547812
                 356;              3415984
                 357;              3610328
                 358;              3371352
                 359;              3469224
