                   0;               685640
                   1;               747664
                   2;               670696
                   3;               648644
                   4;               613044
                   5;               605756
                   6;               609080
                   7;               605876
                   8;               599292
                   9;               601164
                  10;               589292
                  11;               603344
                  12;               641368
                  13;               597732
                  14;               603580
                  15;               600264
                  16;               602920
                  17;               599724
                  18;               601288
                  19;               600040
                  20;               599320
                  21;               601800
                  22;               603704
                  23;               602436
                  24;               603084
                  25;               600100
                  26;               596944
                  27;               598860
                  28;               595588
                  29;               601040
                  30;               601032
                  31;               597704
                  32;               600976
                  33;               641048
                  34;               600448
                  35;               593560
                  36;               595464
                  37;               586412
                  38;               604432
                  39;               600088
                  40;               595376
                  41;               636672
                  42;               597960
                  43;               599816
                  44;               598996
                  45;               601976
                  46;               600380
                  47;               599808
                  48;               605036
                  49;               597920
                  50;               608844
                  51;               600896
                  52;               600084
                  53;               598992
                  54;               628720
                  55;               603832
                  56;               604156
                  57;               586520
                  58;               602892
                  59;               604504
                  60;               604016
                  61;               600788
                  62;               589928
                  63;               601376
                  64;               596908
                  65;               595500
                  66;               601172
                  67;               664084
                  68;               679472
                  69;               615204
                  70;               696432
                  71;               612140
                  72;               604820
                  73;               608968
                  74;               604404
                  75;               597128
                  76;               669056
                  77;               604768
                  78;               606264
                  79;               601984
                  80;               598208
                  81;               604708
                  82;               601492
                  83;               600416
                  84;               675464
                  85;               597880
                  86;               595012
                  87;               601500
                  88;               597748
                  89;               602676
                  90;               597728
                  91;               602704
                  92;               595112
                  93;               600060
                  94;               600700
                  95;               600844
                  96;               601892
                  97;               631540
                  98;               601752
                  99;               604272
                 100;               606008
                 101;               602632
                 102;               592632
                 103;               602972
                 104;               600100
                 105;               600512
                 106;               600344
                 107;               596732
                 108;               601348
                 109;               597788
                 110;               641168
                 111;               602716
                 112;               600084
                 113;               596680
                 114;               601380
                 115;               601804
                 116;               595284
                 117;               603312
                 118;               598936
                 119;               598348
                 120;               601364
                 121;               596996
                 122;               599716
                 123;               638568
                 124;               581200
                 125;               599876
                 126;               598388
                 127;               599628
                 128;               604052
                 129;               589208
                 130;               601980
                 131;               599952
                 132;               600324
                 133;               598868
                 134;               596652
                 135;               602360
                 136;               629032
                 137;               599496
                 138;               600464
                 139;               598192
                 140;               599372
                 141;               605416
                 142;               598112
                 143;               600008
                 144;               599920
                 145;               597908
                 146;               604676
                 147;               603400
                 148;               599552
                 149;               601392
                 150;               603476
                 151;               588064
                 152;               600280
                 153;               599988
                 154;               605332
                 155;               601624
                 156;               599784
                 157;               600524
                 158;               596720
                 159;               599556
                 160;               596780
                 161;               599012
                 162;               600868
                 163;               587296
                 164;               599984
                 165;               602084
                 166;               600452
                 167;               603656
                 168;               601292
                 169;               600860
                 170;               587372
                 171;               600584
                 172;               604176
                 173;               601020
                 174;               598652
                 175;               599672
                 176;               600604
                 177;               599388
                 178;               585872
                 179;               595928
                 180;               604368
                 181;               603740
                 182;               601224
                 183;               640528
                 184;               599884
                 185;               593664
                 186;               598592
                 187;               600824
                 188;               602740
                 189;               599180
                 190;               596376
                 191;               598136
                 192;               602368
                 193;               602208
                 194;               597220
                 195;               599040
                 196;               643064
                 197;               593712
                 198;               606932
                 199;               597652
                 200;               600500
                 201;               602412
                 202;               597704
                 203;               601836
                 204;               596464
                 205;               593508
                 206;               599604
                 207;               600960
                 208;               596080
                 209;               634620
                 210;               595856
                 211;               599916
                 212;               581648
                 213;               598972
                 214;               599784
                 215;               596652
                 216;               599732
                 217;               600216
                 218;               599392
                 219;               602688
                 220;               602032
                 221;               601360
                 222;               641072
                 223;               604396
                 224;               592588
                 225;               598904
                 226;               595456
                 227;               602584
                 228;               600532
                 229;               598384
                 230;               600576
                 231;               596124
                 232;               602212
                 233;               598708
                 234;               600220
                 235;               638940
                 236;               600140
                 237;               600304
                 238;               597836
                 239;               584644
                 240;               599708
                 241;               601208
                 242;               599572
                 243;               592092
                 244;               601064
                 245;               599148
                 246;               601084
                 247;               602584
                 248;               636984
                 249;               601632
                 250;               605016
                 251;               606820
                 252;               602892
                 253;               604412
                 254;               601672
                 255;               600104
                 256;               638892
                 257;               597276
                 258;               593936
                 259;               629744
                 260;               643716
                 261;               616756
                 262;               631272
                 263;               617744
                 264;               615312
                 265;               613968
                 266;               631084
                 267;               640784
                 268;               605288
                 269;               611252
                 270;               607268
                 271;               623752
                 272;               608536
                 273;               606968
                 274;               604532
                 275;               642180
                 276;               601316
                 277;               612136
                 278;               660404
                 279;               599396
                 280;               612060
                 281;               609592
                 282;               612276
                 283;               607664
                 284;               613560
                 285;               607972
                 286;               613932
                 287;               633440
                 288;               619692
                 289;               607600
                 290;               608028
                 291;               601908
                 292;               604808
                 293;               605280
                 294;               648988
                 295;               610960
                 296;               617368
                 297;               606132
                 298;               601052
                 299;               617684
                 300;               628592
                 301;               621156
                 302;               684112
                 303;               607624
                 304;               611528
                 305;               608924
                 306;               614272
                 307;               605848
                 308;               611636
                 309;               998176
                 310;               638912
                 311;               618872
                 312;               637840
                 313;               616240
                 314;               607752
                 315;               613140
                 316;               660780
                 317;               610920
                 318;               649632
                 319;               605244
                 320;               606000
                 321;               610528
                 322;               612452
                 323;               665912
                 324;               597764
                 325;               593808
                 326;               615124
                 327;               657736
                 328;               628324
                 329;               609936
                 330;               607440
                 331;               708024
                 332;               613800
                 333;               627400
                 334;               605660
                 335;               613936
                 336;               603000
                 337;               604584
                 338;               593192
                 339;               607980
                 340;               623560
                 341;               605016
                 342;               605920
                 343;               611136
                 344;               617624
                 345;               638988
                 346;               646136
                 347;               610448
                 348;               607744
                 349;               612428
                 350;               668908
                 351;               604916
                 352;               610652
                 353;               608800
                 354;               607400
                 355;               607712
                 356;               609312
                 357;               645200
                 358;               606828
                 359;               607676
