                   0;              3756312
                   1;              3761324
                   2;              3756200
                   3;              3761312
                   4;              3761108
                   5;              3750072
                   6;              3801224
                   7;              3881488
                   8;              3804540
                   9;              3788136
                  10;              3794452
                  11;              3790860
                  12;              3785208
                  13;              3788876
                  14;              4002744
                  15;              3827192
                  16;              3817552
                  17;              3815108
                  18;              3806204
                  19;              3749876
                  20;              3784448
                  21;              3752336
                  22;              3777784
                  23;              3751412
                  24;              3752848
                  25;              3754956
                  26;              3750456
                  27;              3751944
                  28;              3751776
                  29;              3754932
                  30;              3766200
                  31;              3757284
                  32;              3744232
                  33;              3829464
                  34;              3800432
                  35;              3792052
                  36;              3789924
                  37;              3790168
                  38;              3790696
                  39;              3793020
                  40;              3789136
                  41;              3750488
                  42;              3744092
                  43;              3748668
                  44;              3748092
                  45;              3752000
                  46;              3746012
                  47;              3747796
                  48;              3752948
                  49;              3752760
                  50;              3756680
                  51;              3754516
                  52;              3759156
                  53;              3749580
                  54;              3789980
                  55;              3783244
                  56;              3788956
                  57;              3788124
                  58;              3786480
                  59;              3788864
                  60;              3793208
                  61;              3790164
                  62;              3746952
                  63;              3749712
                  64;              3752860
                  65;              3752888
                  66;              3749196
                  67;              3752704
                  68;              3746032
                  69;              3752560
                  70;              3754176
                  71;              3759436
                  72;              3750288
                  73;              3790732
                  74;              3789360
                  75;              3873124
                  76;              3785916
                  77;              3788628
                  78;              3788756
                  79;              3794280
                  80;              3786180
                  81;              3746288
                  82;              3748932
                  83;              3745992
                  84;              3750076
                  85;              3750556
                  86;              3749536
                  87;              3745740
                  88;              3751032
                  89;              3751168
                  90;              3751520
                  91;              3761372
                  92;              3750688
                  93;              3788036
                  94;              3794696
                  95;              3789604
                  96;              3790252
                  97;              3787020
                  98;              3787236
                  99;              3784960
                 100;              3804908
                 101;              3750920
                 102;              3747144
                 103;              3748240
                 104;              3747536
                 105;              3748436
                 106;              3745928
                 107;              3749628
                 108;              3748724
                 109;              3754636
                 110;              3750852
                 111;              3761388
                 112;              3747748
                 113;              3786316
                 114;              3794164
                 115;              3790992
                 116;              3791176
                 117;              3784712
                 118;              3785280
                 119;              3787832
                 120;              3795464
                 121;              3750072
                 122;              3753192
                 123;              3746624
                 124;              3747872
                 125;              3743156
                 126;              3749344
                 127;              3746784
                 128;              3750040
                 129;              3753004
                 130;              3751408
                 131;              3756356
                 132;              3749516
                 133;              3787440
                 134;              3782984
                 135;              3800076
                 136;              3784948
                 137;              3790176
                 138;              3789256
                 139;              3788928
                 140;              3750104
                 141;              3746216
                 142;              3751492
                 143;              3750804
                 144;              3748468
                 145;              3749536
                 146;              3749164
                 147;              3750580
                 148;              3753480
                 149;              3750296
                 150;              3759280
                 151;              3745940
                 152;              3785476
                 153;              3786040
                 154;              3783920
                 155;              3789032
                 156;              3782812
                 157;              3790648
                 158;              3789188
                 159;              3798324
                 160;              3750712
                 161;              3752124
                 162;              3748696
                 163;              3752652
                 164;              3749212
                 165;              3750744
                 166;              3750096
                 167;              3752684
                 168;              3748896
                 169;              3756172
                 170;              3748464
                 171;              3786344
                 172;              4504552
                 173;              3752216
                 174;              3787808
                 175;              3805884
                 176;              3973680
                 177;              3811640
                 178;              3790408
                 179;              3786588
                 180;              3786952
                 181;              3797044
                 182;              3793924
                 183;              3793676
                 184;              3751856
                 185;              3749336
                 186;              3747852
                 187;              3749016
                 188;              3747904
                 189;              3753236
                 190;              3754408
                 191;              3748376
                 192;              3752076
                 193;              3752488
                 194;              3754680
                 195;              3750796
                 196;              3784792
                 197;              3785612
                 198;              3784584
                 199;              3788008
                 200;              3792064
                 201;              3788028
                 202;              3806312
                 203;              3796656
                 204;              3750400
                 205;              3746488
                 206;              3748844
                 207;              3745860
                 208;              3752232
                 209;              3751532
                 210;              3753688
                 211;              3750204
                 212;              3753448
                 213;              3762992
                 214;              3756512
                 215;              3746604
                 216;              3787608
                 217;              3788216
                 218;              3787188
                 219;              3790240
                 220;              3791788
                 221;              3789684
                 222;              3789592
                 223;              3751168
                 224;              3753108
                 225;              3750352
                 226;              3748468
                 227;              3747352
                 228;              3751284
                 229;              3748852
                 230;              3752824
                 231;              3751304
                 232;              3753540
                 233;              3759780
                 234;              3750164
                 235;              3790060
                 236;              3792036
                 237;              3784000
                 238;              3788692
                 239;              3789960
                 240;              3788172
                 241;              3791500
                 242;              3788204
                 243;              3749024
                 244;              3750576
                 245;              3748792
                 246;              3745248
                 247;              3750500
                 248;              3746428
                 249;              3755372
                 250;              3749848
                 251;              3754596
                 252;              3754356
                 253;              3753992
                 254;              3750832
                 255;              3788540
                 256;              3784284
                 257;              3790332
                 258;              3786756
                 259;              3860532
                 260;              3842580
                 261;              3856992
                 262;              3898432
                 263;              3826500
                 264;              3849232
                 265;              3751156
                 266;              3751664
                 267;              3753140
                 268;              3820556
                 269;              3747304
                 270;              3769824
                 271;              3757600
                 272;              3757752
                 273;              3791752
                 274;              3820428
                 275;              3772580
                 276;              3753616
                 277;              3822660
                 278;              3799080
                 279;              3768676
                 280;              3781288
                 281;              3785732
                 282;              3790112
                 283;              3808944
                 284;              3788736
                 285;              3802576
                 286;              3825360
                 287;              3848560
                 288;              3807776
                 289;              3790660
                 290;              3989572
                 291;              3822004
                 292;              3756180
                 293;              3747788
                 294;              3774724
                 295;              3758528
                 296;              3776104
                 297;              3767748
                 298;              3759300
                 299;              3794944
                 300;              3773100
                 301;              3769432
                 302;              3755344
                 303;              3828844
                 304;              3803264
                 305;              3750352
                 306;              3751540
                 307;              3783388
                 308;              3802596
                 309;              3793168
                 310;              3783516
                 311;              3782112
                 312;              3780664
                 313;              3790108
                 314;              3792412
                 315;              3788504
                 316;              3758744
                 317;              3749880
                 318;              3756764
                 319;              3767552
                 320;              3761320
                 321;              3780152
                 322;              3756016
                 323;              3751592
                 324;              3765252
                 325;              3763976
                 326;              3751388
                 327;              3757900
                 328;              3753396
                 329;              4537596
                 330;              3841904
                 331;              3757384
                 332;              3746640
                 333;              3810760
                 334;              4252044
                 335;              3820360
                 336;              3781892
                 337;              3809476
                 338;              3779960
                 339;              3797412
                 340;              3811728
                 341;              3781656
                 342;              3787624
                 343;              3853156
                 344;              3790280
                 345;              3777400
                 346;              3752328
                 347;              3757184
                 348;              3810216
                 349;              3751656
                 350;              3790860
                 351;              3752820
                 352;              3753908
                 353;              3810452
                 354;              3821612
                 355;              3756040
                 356;              3774996
                 357;              3839052
                 358;              3812780
                 359;              3767668
