                   0;            100356164
                   1;             90824052
                   2;             80183008
                   3;             89964604
                   4;             91114340
                   5;             80042104
                   6;             81910540
                   7;             92755624
                   8;             92609888
                   9;             92740148
                  10;             92659224
                  11;             92673324
                  12;             92687416
                  13;             92834188
                  14;             92767456
                  15;             92777892
                  16;             92782224
                  17;             92664140
                  18;             93869152
                  19;             92796716
                  20;             92653676
                  21;             92704364
                  22;             92731480
                  23;             92658392
                  24;             92622892
                  25;             92703752
                  26;             92664304
                  27;             92719848
                  28;             92620904
                  29;             92663068
                  30;             92607032
                  31;             93633788
                  32;             92905224
                  33;             92712228
                  34;             92629980
                  35;             92710736
                  36;             92679208
                  37;             92615468
                  38;             92740196
                  39;             92765952
                  40;             92696972
                  41;             92673364
                  42;             92796676
                  43;             92666304
                  44;             92646484
                  45;             93811620
                  46;             92720184
                  47;             92684236
                  48;             92727644
                  49;             92584188
                  50;             92600516
                  51;             92564524
                  52;             92742648
                  53;             92546956
                  54;             92644084
                  55;             92555916
                  56;             92619776
                  57;             92726356
                  58;             92631720
                  59;             92902336
                  60;             92757920
                  61;             92607164
                  62;             92567884
                  63;             92536744
                  64;             92768584
                  65;             92484140
                  66;             92618380
                  67;             92422528
                  68;             92569304
                  69;             92490024
                  70;             92457384
                  71;             92480412
                  72;             93655196
                  73;             92566536
                  74;             92404448
                  75;             92316596
                  76;             92481616
                  77;             92305112
                  78;             92442296
                  79;             92405496
                  80;             92427392
                  81;             92348092
                  82;             92296340
                  83;             92776092
                  84;             92450900
                  85;             92338436
                  86;             93275276
                  87;             92228588
                  88;             92373600
                  89;             92289372
                  90;             92341380
                  91;             92308792
                  92;             92349040
                  93;             92258484
                  94;             92361320
                  95;             92253316
                  96;             92299456
                  97;             92276872
                  98;             92339216
                  99;             93031700
                 100;             92539144
                 101;             92248232
                 102;             92444628
                 103;             92260376
                 104;             92342156
                 105;             92256736
                 106;             92540500
                 107;             92228604
                 108;             92382604
                 109;             92218120
                 110;             92395824
                 111;             92256556
                 112;             92394512
                 113;             93134456
                 114;             92395092
                 115;             92500168
                 116;             92304604
                 117;             92269792
                 118;             92347496
                 119;             92196552
                 120;             92321924
                 121;             92229924
                 122;             92235608
                 123;             92219012
                 124;             92313812
                 125;             92243668
                 126;             93389880
                 127;             92463220
                 128;             92560592
                 129;             92232804
                 130;             92338272
                 131;             92210496
                 132;             92267348
                 133;             92188532
                 134;             92220484
                 135;             92107548
                 136;             92146000
                 137;             92103640
                 138;             92149288
                 139;             92152264
                 140;             93355336
                 141;             92135032
                 142;             92224244
                 143;             92117004
                 144;             92208440
                 145;             92189112
                 146;             92246784
                 147;             92301456
                 148;             92239020
                 149;             92186288
                 150;             92180836
                 151;             92229836
                 152;             92243064
                 153;             92105668
                 154;             92669068
                 155;             92217760
                 156;             92244048
                 157;             92136084
                 158;             92180320
                 159;             92140384
                 160;             92278288
                 161;             92190056
                 162;             92181884
                 163;             92277028
                 164;             92204000
                 165;             92162348
                 166;             92216292
                 167;             93096244
                 168;             92164444
                 169;             92137248
                 170;             92154496
                 171;             92166932
                 172;             92196388
                 173;             92242972
                 174;             93068968
                 175;             93326616
                 176;             93518928
                 177;             93796788
                 178;             94107888
                 179;             94230420
                 180;             94527424
                 181;             95084532
                 182;             95084032
                 183;             95194984
                 184;             94508780
                 185;             95371456
                 186;             95209828
                 187;             95094848
                 188;             95034428
                 189;             95102716
                 190;             94384296
                 191;             94829852
                 192;             94889464
                 193;             94898188
                 194;             95467836
                 195;             94829052
                 196;             94832204
                 197;             94795352
                 198;             94620916
                 199;             94690964
                 200;             94523620
                 201;             94542532
                 202;             94352192
                 203;             94483712
                 204;             94475792
                 205;             94228076
                 206;             94556184
                 207;             95141612
                 208;             93718300
                 209;             93868784
                 210;             93807172
                 211;             93857268
                 212;             93802584
                 213;             94110028
                 214;             93741176
                 215;             93855920
                 216;             94033304
                 217;             94036460
                 218;             94187084
                 219;             93798968
                 220;             94757340
                 221;             94034200
                 222;             93891420
                 223;             93740500
                 224;             93678856
                 225;             93651776
                 226;             93721588
                 227;             93592120
                 228;             93512384
                 229;             93548012
                 230;             93668348
                 231;             93572516
                 232;             93640008
                 233;             93601176
                 234;             94399504
                 235;             93578316
                 236;             93714856
                 237;             93467672
                 238;             93566096
                 239;             93475784
                 240;             93497452
                 241;             95472972
                 242;             94149404
                 243;             94022464
                 244;             93944920
                 245;             94260916
                 246;             94297548
                 247;             94173828
                 248;             94173452
                 249;             95052332
                 250;             94901292
                 251;             94606308
                 252;             94750884
                 253;             94781768
                 254;             94698820
                 255;             94559228
                 256;             94403920
                 257;             94448104
                 258;             95241352
                 259;             94349860
                 260;             94492600
                 261;             94380904
                 262;             94579668
                 263;             94855936
                 264;             94439284
                 265;             94206168
                 266;             94211200
                 267;             94174452
                 268;             95087132
                 269;             93961936
                 270;             94115136
                 271;             94002372
                 272;             94010024
                 273;             94591088
                 274;             93984952
                 275;             93955428
                 276;             94005408
                 277;             94001252
                 278;             94559996
                 279;             93920856
                 280;             93995572
                 281;             94022100
                 282;             94017120
                 283;             94467452
                 284;             94023424
                 285;             93971480
                 286;             93461196
                 287;             93209612
                 288;             93180460
                 289;             93198072
                 290;             93246924
                 291;             93232864
                 292;             94472040
                 293;             93107320
                 294;             93067232
                 295;             93241328
                 296;             93156552
                 297;             94282788
                 298;             93257116
                 299;             92997452
                 300;             93163028
                 301;             93135700
                 302;             94511328
                 303;             93028732
                 304;             93153916
                 305;             92902780
                 306;             93103764
                 307;             93774168
                 308;             93099484
                 309;             93084488
                 310;             93058252
                 311;             93031860
                 312;             94261544
                 313;             92987620
                 314;             93037632
                 315;             92842372
                 316;             93125808
                 317;             94399460
                 318;             93214496
                 319;             93037736
                 320;             93058896
                 321;             92870848
                 322;             94324060
                 323;             92973016
                 324;             92851248
                 325;             92971116
                 326;             92967872
                 327;             94078124
                 328;             93130128
                 329;             93026512
                 330;             93026228
                 331;             93068432
                 332;             93026544
                 333;             92981260
                 334;             93778392
                 335;             92914560
                 336;             93003636
                 337;             93038628
                 338;             93051816
                 339;             92898292
                 340;             93034712
                 341;             94074780
                 342;             92961520
                 343;             92996740
                 344;             92928560
                 345;             92946776
                 346;             94361844
                 347;             92974160
                 348;             93066372
                 349;             92975904
                 350;             92985180
                 351;             93557240
                 352;             93027112
                 353;             93513836
                 354;             92948484
                 355;             92909340
                 356;             93654572
                 357;             92853456
                 358;             92949488
                 359;             92907760
