                   0;             61339836
                   1;             58414192
                   2;             58449196
                   3;             58430672
                   4;             58975960
                   5;             58525800
                   6;             58453032
                   7;             58401092
                   8;             58450636
                   9;             58472808
                  10;             58468444
                  11;             58503544
                  12;             58654872
                  13;             58519876
                  14;             58543008
                  15;             58558808
                  16;             58509212
                  17;             59084436
                  18;             58543796
                  19;             58538652
                  20;             58462828
                  21;             58528836
                  22;             58505328
                  23;             58496208
                  24;             59577264
                  25;             58511428
                  26;             58499796
                  27;             58476192
                  28;             58535756
                  29;             58512176
                  30;             58536052
                  31;             58511532
                  32;             58497768
                  33;             58489628
                  34;             58490860
                  35;             58514436
                  36;             58528576
                  37;             58525196
                  38;             58503404
                  39;             58514584
                  40;             58509808
                  41;             58522556
                  42;             58529332
                  43;             58518596
                  44;             58695460
                  45;             58523184
                  46;             58508168
                  47;             58468672
                  48;             58477896
                  49;             58451636
                  50;             58469364
                  51;             58426968
                  52;             58373812
                  53;             58338884
                  54;             58329308
                  55;             58336216
                  56;             58371948
                  57;             58342040
                  58;             58417336
                  59;             58398440
                  60;             58421924
                  61;             58398408
                  62;             58394640
                  63;             58399212
                  64;             58637468
                  65;             58369536
                  66;             58375896
                  67;             58389272
                  68;             58343668
                  69;             58388724
                  70;             58387728
                  71;             58330640
                  72;             58421488
                  73;             58333140
                  74;             58330688
                  75;             58304004
                  76;             58296084
                  77;             58291200
                  78;             58236020
                  79;             58261156
                  80;             58303328
                  81;             58237288
                  82;             58305556
                  83;             58323632
                  84;             58494416
                  85;             58288700
                  86;             58229128
                  87;             58470064
                  88;             58222408
                  89;             58307824
                  90;             58321652
                  91;             58277672
                  92;             58242704
                  93;             58242688
                  94;             58235088
                  95;             58246484
                  96;             58247612
                  97;             58273400
                  98;             58217896
                  99;             58246844
                 100;             58576740
                 101;             58262780
                 102;             58269644
                 103;             58234820
                 104;             58371428
                 105;             58255204
                 106;             58229192
                 107;             58320064
                 108;             58263588
                 109;             58313732
                 110;             58246088
                 111;             58279652
                 112;             58220660
                 113;             58296396
                 114;             58209916
                 115;             58262892
                 116;             58227244
                 117;             58245908
                 118;             58255872
                 119;             58222184
                 120;             58232540
                 121;             58223924
                 122;             58200760
                 123;             58200848
                 124;             58341372
                 125;             58210916
                 126;             58221896
                 127;             58176248
                 128;             58183544
                 129;             58207616
                 130;             58272156
                 131;             58209952
                 132;             58165784
                 133;             58171816
                 134;             58198556
                 135;             58177080
                 136;             58162420
                 137;             58183132
                 138;             58202340
                 139;             58183560
                 140;             58183192
                 141;             58174272
                 142;             58174172
                 143;             58169096
                 144;             58296028
                 145;             58180980
                 146;             58201888
                 147;             58151644
                 148;             58223288
                 149;             58146328
                 150;             58184352
                 151;             58162304
                 152;             58254900
                 153;             58152540
                 154;             58191936
                 155;             58209192
                 156;             58161932
                 157;             58222944
                 158;             58192808
                 159;             58174508
                 160;             58175220
                 161;             58175920
                 162;             58165252
                 163;             58216944
                 164;             58331316
                 165;             58194048
                 166;             58184544
                 167;             58158224
                 168;             58146760
                 169;             58197796
                 170;             58158560
                 171;             59522116
                 172;             58242776
                 173;             58151036
                 174;             58166720
                 175;             58228644
                 176;             58198636
                 177;             58382872
                 178;             58213160
                 179;             58187948
                 180;             58217788
                 181;             58213192
                 182;             58235164
                 183;             58192740
                 184;             58414192
                 185;             58216580
                 186;             58242436
                 187;             58201456
                 188;             58247444
                 189;             58251232
                 190;             58251340
                 191;             58213104
                 192;             58202900
                 193;             58216460
                 194;             58151916
                 195;             58175316
                 196;             58230828
                 197;             58219400
                 198;             58198104
                 199;             58151488
                 200;             58122292
                 201;             58137528
                 202;             58097788
                 203;             58266444
                 204;             58240868
                 205;             58127432
                 206;             58091788
                 207;             58077036
                 208;             58061012
                 209;             58047172
                 210;             58077580
                 211;             58047436
                 212;             58046812
                 213;             58061804
                 214;             58062616
                 215;             58110076
                 216;             58034560
                 217;             58008304
                 218;             58039372
                 219;             58064376
                 220;             57985484
                 221;             57965588
                 222;             57974284
                 223;             58014052
                 224;             58191584
                 225;             58104780
                 226;             58091636
                 227;             58119392
                 228;             58155900
                 229;             58202072
                 230;             64986336
                 231;             58245340
                 232;             58255100
                 233;             58340880
                 234;             58367628
                 235;             58400676
                 236;             58446876
                 237;             58431720
                 238;             58409324
                 239;             58496756
                 240;             58434776
                 241;             58506560
                 242;             58481824
                 243;             58512644
                 244;             58527372
                 245;             58567072
                 246;             58744916
                 247;             58794752
                 248;             58768184
                 249;             58769564
                 250;             58725896
                 251;             58791404
                 252;             58745828
                 253;             59257768
                 254;             59283124
                 255;             58825112
                 256;             58770980
                 257;             59426808
                 258;             59028000
                 259;             59056780
                 260;             58974332
                 261;             59009360
                 262;             59033876
                 263;             59009744
                 264;             59034096
                 265;             58843460
                 266;             59006700
                 267;             58730760
                 268;             58918848
                 269;             58991624
                 270;             58971148
                 271;             58921976
                 272;             59137912
                 273;             58937528
                 274;             59076492
                 275;             58701200
                 276;             59668716
                 277;             58711508
                 278;             59150716
                 279;             59292000
                 280;             58744876
                 281;             59023248
                 282;             58753244
                 283;             59008236
                 284;             58772240
                 285;             59089016
                 286;             58703908
                 287;             58775764
                 288;             59028976
                 289;             58739004
                 290;             59084584
                 291;             58747788
                 292;             59052632
                 293;             58736808
                 294;             59334760
                 295;             58731640
                 296;             58740932
                 297;             59101800
                 298;             58733112
                 299;             59052252
                 300;             58763564
                 301;             59403868
                 302;             58729956
                 303;             59112572
                 304;             58690868
                 305;             58735852
                 306;             59021096
                 307;             58764536
                 308;             59186912
                 309;             58775284
                 310;             59056692
                 311;             58737408
                 312;             59504164
                 313;             58751700
                 314;             58741472
                 315;             59425308
                 316;             58755464
                 317;             59002548
                 318;             58962252
                 319;             59268008
                 320;             59049408
                 321;             59346860
                 322;             59079160
                 323;             59133952
                 324;             59258656
                 325;             59083580
                 326;             59272560
                 327;             59077752
                 328;             59356608
                 329;             59051144
                 330;             59057364
                 331;             59301968
                 332;             59082424
                 333;             59040852
                 334;             59274412
                 335;             59053520
                 336;             59078240
                 337;             59398696
                 338;             59076272
                 339;             58996128
                 340;             59483572
                 341;             59053832
                 342;             58972580
                 343;             59153640
                 344;             59741768
                 345;             59090228
                 346;             59035780
                 347;             59650952
                 348;             59043492
                 349;             59034784
                 350;             59082264
                 351;             59476900
                 352;             59060240
                 353;             58989808
                 354;             59126644
                 355;             59039844
                 356;             59042380
                 357;             58999328
                 358;             59768720
                 359;             59016888
