                   0;            236466512
                   1;            233463960
                   2;            233660944
                   3;            233750908
                   4;            233583676
                   5;            233538112
                   6;            233516016
                   7;            233972184
                   8;            233517400
                   9;            233568844
                  10;            233625144
                  11;            233682928
                  12;            233683564
                  13;            234154860
                  14;            233748376
                  15;            233798460
                  16;            233900176
                  17;            236806796
                  18;            233858668
                  19;            235723580
                  20;            233660924
                  21;            233700828
                  22;            233684228
                  23;            233908104
                  24;            233710416
                  25;            234498288
                  26;            233715664
                  27;            233697952
                  28;            233688412
                  29;            233684016
                  30;            233653296
                  31;            234441656
                  32;            233695268
                  33;            233718212
                  34;            235819944
                  35;            234004180
                  36;            234319796
                  37;            233884756
                  38;            233682348
                  39;            233707816
                  40;            233666824
                  41;            233701960
                  42;            234663764
                  43;            233717980
                  44;            233688560
                  45;            233627776
                  46;            233599416
                  47;            233631600
                  48;            234273740
                  49;            233565384
                  50;            233443352
                  51;            233396320
                  52;            233280064
                  53;            233322760
                  54;            234021072
                  55;            233523600
                  56;            233327480
                  57;            233262084
                  58;            233353984
                  59;            233319712
                  60;            234085072
                  61;            233374452
                  62;            233426516
                  63;            233403716
                  64;            233415052
                  65;            233316144
                  66;            233510472
                  67;            233390480
                  68;            233302008
                  69;            233364272
                  70;            233312616
                  71;            234045308
                  72;            233226924
                  73;            233238364
                  74;            233439008
                  75;            233168588
                  76;            233161784
                  77;            242342556
                  78;            233163220
                  79;            233146276
                  80;            233124136
                  81;            233385212
                  82;            233121508
                  83;            233871640
                  84;            236191060
                  85;            235946700
                  86;            237246664
                  87;            237157376
                  88;            237065520
                  89;            233922840
                  90;            233125792
                  91;            233093660
                  92;            233146372
                  93;            233147940
                  94;            233305524
                  95;            233100224
                  96;            233108752
                  97;            233124720
                  98;            233033604
                  99;            233047372
                 100;            233229764
                 101;            233135548
                 102;            233084860
                 103;            233071928
                 104;            233060012
                 105;            233069508
                 106;            233027580
                 107;            233036608
                 108;            233051168
                 109;            233116536
                 110;            233086008
                 111;            233098640
                 112;            233039836
                 113;            233316052
                 114;            242681580
                 115;            233085704
                 116;            233048588
                 117;            233061704
                 118;            233036444
                 119;            233292484
                 120;            233025044
                 121;            232978028
                 122;            233034796
                 123;            232995280
                 124;            232989096
                 125;            232969264
                 126;            233014524
                 127;            232975400
                 128;            233008416
                 129;            232971472
                 130;            232966128
                 131;            232976024
                 132;            232953992
                 133;            233200156
                 134;            232988280
                 135;            232943268
                 136;            232909184
                 137;            232919480
                 138;            234111244
                 139;            233962928
                 140;            235175324
                 141;            236845168
                 142;            236755736
                 143;            236758980
                 144;            236694276
                 145;            236525600
                 146;            236559188
                 147;            236776052
                 148;            236752384
                 149;            236508192
                 150;            236740464
                 151;            236732124
                 152;            236961780
                 153;            236093004
                 154;            235482632
                 155;            235246848
                 156;            235433944
                 157;            234984940
                 158;            235229116
                 159;            235097908
                 160;            235253236
                 161;            234987128
                 162;            235443824
                 163;            234792092
                 164;            235564240
                 165;            234578512
                 166;            235534028
                 167;            234554768
                 168;            234482952
                 169;            234542356
                 170;            234434536
                 171;            235622416
                 172;            234193576
                 173;            233806300
                 174;            235524288
                 175;            234511764
                 176;            235449032
                 177;            234582156
                 178;            235651632
                 179;            234661772
                 180;            235572888
                 181;            234646536
                 182;            235603940
                 183;            234598736
                 184;            235510968
                 185;            234564872
                 186;            235538188
                 187;            234612448
                 188;            235260412
                 189;            234974316
                 190;            235499524
                 191;            234805992
                 192;            235538648
                 193;            234528712
                 194;            235588344
                 195;            234553924
                 196;            234778812
                 197;            235023068
                 198;            234594820
                 199;            235593240
                 200;            234468944
                 201;            235396436
                 202;            234369296
                 203;            235424316
                 204;            234322744
                 205;            235336708
                 206;            234295440
                 207;            234872692
                 208;            234998472
                 209;            235207380
                 210;            234408160
                 211;            235207836
                 212;            234257068
                 213;            235322248
                 214;            234342848
                 215;            235255724
                 216;            234221544
                 217;            234665996
                 218;            234891368
                 219;            235109772
                 220;            234056020
                 221;            235054104
                 222;            234081508
                 223;            234071092
                 224;            234189432
                 225;            234264724
                 226;            235216600
                 227;            234310024
                 228;            234879992
                 229;            235144476
                 230;            236067496
                 231;            234619308
                 232;            235726820
                 233;            234825920
                 234;            235827172
                 235;            235087692
                 236;            236119156
                 237;            235044460
                 238;            235643076
                 239;            235826560
                 240;            236124864
                 241;            235241228
                 242;            236289236
                 243;            235220988
                 244;            236238028
                 245;            235353860
                 246;            236255060
                 247;            235295820
                 248;            235811812
                 249;            236143820
                 250;            236268980
                 251;            235354268
                 252;            235211216
                 253;            235319696
                 254;            235349900
                 255;            236265352
                 256;            235359688
                 257;            236322164
                 258;            235314248
                 259;            235766576
                 260;            235948668
                 261;            236305668
                 262;            235281600
                 263;            236584540
                 264;            235344732
                 265;            236295892
                 266;            235301452
                 267;            236084020
                 268;            235265884
                 269;            235642072
                 270;            235873840
                 271;            236064896
                 272;            235086196
                 273;            236019632
                 274;            235104224
                 275;            236085624
                 276;            235160820
                 277;            235942164
                 278;            235041988
                 279;            235516840
                 280;            235093948
                 281;            235031692
                 282;            235107740
                 283;            235048000
                 284;            235891892
                 285;            235040652
                 286;            235960724
                 287;            235043936
                 288;            236124628
                 289;            235013684
                 290;            235543196
                 291;            235700728
                 292;            235986556
                 293;            235050216
                 294;            235967964
                 295;            235048916
                 296;            235812668
                 297;            237173400
                 298;            235844920
                 299;            235530144
                 300;            235613216
                 301;            235915288
                 302;            235845616
                 303;            236005544
                 304;            235706140
                 305;            235414588
                 306;            235681996
                 307;            235669248
                 308;            235321868
                 309;            234951588
                 310;            235412220
                 311;            235549768
                 312;            235703512
                 313;            236914448
                 314;            234649348
                 315;            234531796
                 316;            234582692
                 317;            234548028
                 318;            234494956
                 319;            234569956
                 320;            234472848
                 321;            234594340
                 322;            234562664
                 323;            234664576
                 324;            234545360
                 325;            234536720
                 326;            234721164
                 327;            234536852
                 328;            234564128
                 329;            234539040
                 330;            234440312
                 331;            234538312
                 332;            234740024
                 333;            234639980
                 334;            234582956
                 335;            234557692
                 336;            234560316
                 337;            234599948
                 338;            234600452
                 339;            234588864
                 340;            234649556
                 341;            234635784
                 342;            234633108
                 343;            234640492
                 344;            233852920
                 345;            233520904
                 346;            233693880
                 347;            233504304
                 348;            233584116
                 349;            233525752
                 350;            233540252
                 351;            233528380
                 352;            233519292
                 353;            233558600
                 354;            233564732
                 355;            233516260
                 356;            233523260
                 357;            233451200
                 358;            233510156
                 359;            233492104
