                   0;               712940
                   1;               627216
                   2;               618732
                   3;               607064
                   4;               600828
                   5;               795008
                   6;               602188
                   7;               599100
                   8;               599076
                   9;               600732
                  10;               603740
                  11;               591500
                  12;               599052
                  13;               652040
                  14;               585956
                  15;               601620
                  16;               598472
                  17;               599588
                  18;               596904
                  19;               595384
                  20;               596560
                  21;               651656
                  22;               595124
                  23;               598564
                  24;               594112
                  25;               596520
                  26;               597672
                  27;               596240
                  28;               595096
                  29;               636412
                  30;               597464
                  31;               589296
                  32;               599240
                  33;               590484
                  34;               585328
                  35;               591616
                  36;               827948
                  37;              1392216
                  38;               630424
                  39;               611516
                  40;               613668
                  41;               612436
                  42;               600036
                  43;               604112
                  44;               617444
                  45;               600584
                  46;               600920
                  47;               600916
                  48;               602352
                  49;               604228
                  50;               590256
                  51;               597988
                  52;               597820
                  53;               579524
                  54;               599264
                  55;               595444
                  56;               600496
                  57;               591260
                  58;               600216
                  59;               595848
                  60;               596416
                  61;               599432
                  62;               600104
                  63;               596368
                  64;               600332
                  65;               656132
                  66;               596516
                  67;               598368
                  68;               595172
                  69;               597076
                  70;               601684
                  71;               598712
                  72;               597844
                  73;               656884
                  74;               595972
                  75;               601044
                  76;               597044
                  77;               589244
                  78;               597368
                  79;               593848
                  80;               588008
                  81;               598372
                  82;               595940
                  83;               601232
                  84;               591520
                  85;               594300
                  86;               596888
                  87;               594676
                  88;               591280
                  89;               595004
                  90;               598804
                  91;               603080
                  92;               594660
                  93;               593304
                  94;               640184
                  95;               601316
                  96;               593660
                  97;               593516
                  98;               596600
                  99;               601236
                 100;               581256
                 101;               597776
                 102;               597816
                 103;               595564
                 104;               588404
                 105;               599212
                 106;               596016
                 107;               596360
                 108;               601024
                 109;               602056
                 110;               595612
                 111;               589256
                 112;               597416
                 113;               592004
                 114;               601172
                 115;               636176
                 116;               598900
                 117;               602144
                 118;               594776
                 119;               597428
                 120;               601588
                 121;               601044
                 122;               593664
                 123;               638816
                 124;               593292
                 125;               595984
                 126;               599724
                 127;               580908
                 128;               595468
                 129;               597012
                 130;               599412
                 131;               590292
                 132;               595980
                 133;               599828
                 134;               597264
                 135;               595800
                 136;               593488
                 137;               595052
                 138;               592784
                 139;               598824
                 140;               595112
                 141;               596564
                 142;               595592
                 143;               597144
                 144;               635392
                 145;               598464
                 146;               601140
                 147;               580304
                 148;               598260
                 149;               600784
                 150;               598192
                 151;               599836
                 152;               594276
                 153;               599320
                 154;               599484
                 155;               596372
                 156;               591564
                 157;               608396
                 158;               591804
                 159;               598472
                 160;               600904
                 161;               595312
                 162;               603228
                 163;               596092
                 164;               597804
                 165;               589644
                 166;               595872
                 167;               597324
                 168;               597912
                 169;               601348
                 170;               598492
                 171;               600344
                 172;               597160
                 173;               637576
                 174;               583636
                 175;               598660
                 176;               596100
                 177;               594228
                 178;               598320
                 179;               594932
                 180;               596332
                 181;               598252
                 182;               602976
                 183;               595828
                 184;               595184
                 185;               589808
                 186;               596108
                 187;               594368
                 188;               597940
                 189;               604048
                 190;               597296
                 191;               596464
                 192;               598024
                 193;               598592
                 194;               622860
                 195;               598280
                 196;               595756
                 197;               591476
                 198;               598956
                 199;               598180
                 200;               598268
                 201;               601576
                 202;               640704
                 203;               594412
                 204;               599444
                 205;               596336
                 206;               594876
                 207;               596364
                 208;               594364
                 209;               597360
                 210;               594352
                 211;               594308
                 212;               587712
                 213;               591824
                 214;               598036
                 215;               642352
                 216;               595448
                 217;               596000
                 218;               595704
                 219;               596664
                 220;               601196
                 221;               580404
                 222;               599820
                 223;               643968
                 224;               595904
                 225;               598760
                 226;               594980
                 227;               595892
                 228;               596324
                 229;               594320
                 230;               599404
                 231;               594584
                 232;               594716
                 233;               600292
                 234;               594560
                 235;               595136
                 236;               596200
                 237;               598756
                 238;               599384
                 239;               585976
                 240;               600404
                 241;               593912
                 242;               593744
                 243;               598820
                 244;               635996
                 245;               601600
                 246;               598856
                 247;               594920
                 248;               587928
                 249;               603064
                 250;               598628
                 251;               664160
                 252;               637904
                 253;               632432
                 254;               640288
                 255;               608312
                 256;               608004
                 257;               608020
                 258;               599228
                 259;               593708
                 260;               604436
                 261;               589148
                 262;               612612
                 263;               603720
                 264;               603728
                 265;               611752
                 266;               605416
                 267;               606564
                 268;               653620
                 269;               601400
                 270;               604268
                 271;               644968
                 272;               608952
                 273;               682624
                 274;               601676
                 275;               601780
                 276;               611880
                 277;               816640
                 278;               656424
                 279;               621532
                 280;               608600
                 281;               619628
                 282;               607724
                 283;               602632
                 284;               610136
                 285;               600972
                 286;               602032
                 287;               587828
                 288;               663880
                 289;               629548
                 290;               607588
                 291;               599124
                 292;               605724
                 293;               608004
                 294;               606924
                 295;               614548
                 296;               715984
                 297;               626232
                 298;               600392
                 299;               610468
                 300;               630712
                 301;               602624
                 302;               650132
                 303;               608440
                 304;               607088
                 305;               608728
                 306;               651832
                 307;               600908
                 308;               604040
                 309;               608140
                 310;               612060
                 311;               604192
                 312;               736152
                 313;               582320
                 314;               603904
                 315;               605260
                 316;               678784
                 317;               679148
                 318;               605292
                 319;               607552
                 320;               608700
                 321;               670184
                 322;               599444
                 323;               607280
                 324;               604592
                 325;               602548
                 326;               595988
                 327;               661732
                 328;               600040
                 329;               604936
                 330;               656304
                 331;               603440
                 332;               609768
                 333;               732492
                 334;               604444
                 335;               597968
                 336;               608292
                 337;               601392
                 338;               608676
                 339;               640128
                 340;               601976
                 341;               599136
                 342;               607276
                 343;               698940
                 344;               598296
                 345;               608632
                 346;               620984
                 347;               604296
                 348;               672780
                 349;               600192
                 350;               604316
                 351;               605348
                 352;               594168
                 353;               604924
                 354;               665620
                 355;               639604
                 356;               606664
                 357;               605144
                 358;               608264
                 359;               602236
