                   0;               710948
                   1;               618964
                   2;               669772
                   3;               602432
                   4;               622772
                   5;               600052
                   6;               596692
                   7;               603516
                   8;               655692
                   9;               599988
                  10;               602464
                  11;               597720
                  12;               589036
                  13;               598428
                  14;               597112
                  15;               600404
                  16;               667584
                  17;               603884
                  18;               602296
                  19;               593708
                  20;               596756
                  21;               593512
                  22;               596376
                  23;               599620
                  24;               596056
                  25;               600672
                  26;               595152
                  27;               595996
                  28;               599528
                  29;               600456
                  30;               595872
                  31;               600776
                  32;               587612
                  33;               594080
                  34;               598136
                  35;               895168
                  36;               651920
                  37;               620212
                  38;               603544
                  39;               607316
                  40;               607224
                  41;               616980
                  42;               603088
                  43;               607812
                  44;               600012
                  45;               589280
                  46;               665676
                  47;               583488
                  48;               596604
                  49;               601428
                  50;               603108
                  51;               604152
                  52;               593080
                  53;               595116
                  54;               648636
                  55;               598428
                  56;               599168
                  57;               598736
                  58;               596120
                  59;               599352
                  60;               599900
                  61;               594440
                  62;               598584
                  63;               601676
                  64;               601720
                  65;               590736
                  66;               639736
                  67;               593036
                  68;               600128
                  69;               603332
                  70;               594868
                  71;               599336
                  72;               602200
                  73;               598312
                  74;               595336
                  75;               613804
                  76;               598020
                  77;               603604
                  78;               596900
                  79;               600988
                  80;               600084
                  81;               595516
                  82;               602168
                  83;               599400
                  84;               596436
                  85;               592264
                  86;               599428
                  87;               596616
                  88;               600768
                  89;               598360
                  90;               602136
                  91;               596944
                  92;               592348
                  93;               604652
                  94;               591640
                  95;               600004
                  96;               602800
                  97;               597644
                  98;               603100
                  99;               594972
                 100;               602836
                 101;               600636
                 102;               598896
                 103;               604764
                 104;               598628
                 105;               597604
                 106;               599400
                 107;               597084
                 108;               598948
                 109;               603828
                 110;               599440
                 111;               599256
                 112;               596004
                 113;               595864
                 114;               592940
                 115;               673828
                 116;               600072
                 117;               604148
                 118;               597556
                 119;               600532
                 120;               598628
                 121;               597056
                 122;               597384
                 123;               639132
                 124;               599056
                 125;               600584
                 126;               597988
                 127;               602940
                 128;               598320
                 129;               599264
                 130;               598664
                 131;               637476
                 132;               588044
                 133;               596812
                 134;               580400
                 135;               596868
                 136;               598684
                 137;               600704
                 138;               597528
                 139;               589380
                 140;               598420
                 141;               600864
                 142;               595376
                 143;               599420
                 144;               604348
                 145;               596052
                 146;               598440
                 147;               598064
                 148;               604100
                 149;               600196
                 150;               596336
                 151;               596148
                 152;               640532
                 153;               597536
                 154;               590516
                 155;               597876
                 156;               595856
                 157;               599800
                 158;               595240
                 159;               589576
                 160;               598908
                 161;               585728
                 162;               596232
                 163;               601888
                 164;               598236
                 165;               603256
                 166;               585032
                 167;               597620
                 168;               593272
                 169;               596948
                 170;               598976
                 171;               599412
                 172;               597980
                 173;               640832
                 174;               597052
                 175;               596336
                 176;               595636
                 177;               597980
                 178;               602148
                 179;               599200
                 180;               598904
                 181;               579052
                 182;               597364
                 183;               596476
                 184;               597572
                 185;               599264
                 186;               594200
                 187;               598620
                 188;               599268
                 189;               599492
                 190;               597572
                 191;               603336
                 192;               594500
                 193;               591040
                 194;               633468
                 195;               601768
                 196;               603152
                 197;               594560
                 198;               597772
                 199;               597972
                 200;               603160
                 201;               600848
                 202;               639388
                 203;               592736
                 204;               600068
                 205;               597616
                 206;               596764
                 207;               598940
                 208;               580784
                 209;               600944
                 210;               593624
                 211;               599204
                 212;               603108
                 213;               586820
                 214;               602400
                 215;               597088
                 216;               595724
                 217;               601620
                 218;               597980
                 219;               599244
                 220;               592584
                 221;               594808
                 222;               596732
                 223;               637604
                 224;               598768
                 225;               595036
                 226;               592716
                 227;               597828
                 228;               587428
                 229;               598980
                 230;               599472
                 231;               639320
                 232;               594828
                 233;               596032
                 234;               594940
                 235;               600980
                 236;               601244
                 237;               594448
                 238;               602212
                 239;               599864
                 240;               592764
                 241;               599316
                 242;               597576
                 243;               601244
                 244;               601672
                 245;               594648
                 246;               596416
                 247;               596372
                 248;               591628
                 249;               597008
                 250;               598220
                 251;               654880
                 252;               684740
                 253;               618376
                 254;               636828
                 255;               637928
                 256;               604592
                 257;               608216
                 258;               611848
                 259;               665008
                 260;               593464
                 261;               605556
                 262;               608096
                 263;               606948
                 264;               620308
                 265;               601204
                 266;               636736
                 267;               614912
                 268;               608572
                 269;               611252
                 270;               674244
                 271;               599648
                 272;               603820
                 273;               599664
                 274;               613268
                 275;               599232
                 276;              1768180
                 277;               635708
                 278;               616096
                 279;               765012
                 280;               613376
                 281;               624808
                 282;               656408
                 283;               613336
                 284;               608112
                 285;               605652
                 286;               606444
                 287;               594784
                 288;               610440
                 289;               659864
                 290;               608748
                 291;               635388
                 292;               599756
                 293;               603272
                 294;               611272
                 295;               607392
                 296;               659324
                 297;               604836
                 298;               608712
                 299;               597412
                 300;               590204
                 301;               635788
                 302;               607632
                 303;               607196
                 304;               608840
                 305;               612560
                 306;               611896
                 307;               607564
                 308;               663912
                 309;               615056
                 310;               607124
                 311;               605324
                 312;               608692
                 313;               680728
                 314;               604288
                 315;               607168
                 316;               609356
                 317;               609808
                 318;               654728
                 319;               643416
                 320;               599548
                 321;               608404
                 322;               601412
                 323;               599528
                 324;               608068
                 325;               605072
                 326;               604880
                 327;               640540
                 328;               599900
                 329;               604164
                 330;               601644
                 331;               614248
                 332;               650220
                 333;               584972
                 334;               612624
                 335;               615440
                 336;               602752
                 337;               604216
                 338;               604372
                 339;               603340
                 340;               620360
                 341;               601828
                 342;               607144
                 343;               613272
                 344;               611836
                 345;               637504
                 346;               591944
                 347;               599532
                 348;               605472
                 349;               641264
                 350;               628084
                 351;               607196
                 352;               601616
                 353;               602432
                 354;               609760
                 355;               597512
                 356;               607944
                 357;               602760
                 358;               602824
                 359;               603500
