                   0;               701516
                   1;               626812
                   2;               598752
                   3;               602532
                   4;               602008
                   5;               600048
                   6;               599820
                   7;               594916
                   8;               596332
                   9;               588956
                  10;               591660
                  11;               593492
                  12;               591560
                  13;               593008
                  14;               595496
                  15;               594948
                  16;               593128
                  17;               596340
                  18;               594252
                  19;               595928
                  20;               591116
                  21;               597148
                  22;               598696
                  23;               590284
                  24;               598428
                  25;               654168
                  26;               596328
                  27;               586560
                  28;               594632
                  29;               575132
                  30;               594724
                  31;               594296
                  32;               592040
                  33;               595428
                  34;               587180
                  35;               594152
                  36;               762268
                  37;               619324
                  38;               613352
                  39;               600044
                  40;               603624
                  41;               599472
                  42;               623352
                  43;               597608
                  44;               601900
                  45;               595184
                  46;               592520
                  47;               598032
                  48;               595444
                  49;               596608
                  50;               593552
                  51;               595032
                  52;               596504
                  53;               585828
                  54;               596588
                  55;               584240
                  56;               592712
                  57;               597100
                  58;               593144
                  59;               591356
                  60;               587460
                  61;               589392
                  62;               585212
                  63;               652876
                  64;               590800
                  65;               596432
                  66;               588724
                  67;               596176
                  68;               594804
                  69;               593516
                  70;               599228
                  71;               657980
                  72;               594248
                  73;               597488
                  74;               590536
                  75;               597172
                  76;               592480
                  77;               591788
                  78;               595668
                  79;               594304
                  80;               591764
                  81;               597140
                  82;               574296
                  83;               595852
                  84;               631288
                  85;               595792
                  86;               595008
                  87;               582712
                  88;               590580
                  89;               594912
                  90;               589960
                  91;               595744
                  92;               594488
                  93;               593732
                  94;               594616
                  95;               589560
                  96;               590152
                  97;               589692
                  98;               590416
                  99;               594584
                 100;               598444
                 101;               591092
                 102;               598052
                 103;               594436
                 104;               592896
                 105;               632232
                 106;               592216
                 107;               591624
                 108;               591160
                 109;               578832
                 110;               600704
                 111;               593532
                 112;               592188
                 113;               591956
                 114;               588544
                 115;               597676
                 116;               591200
                 117;               593900
                 118;               593928
                 119;               590124
                 120;               598464
                 121;               589552
                 122;               591540
                 123;               599544
                 124;               592116
                 125;               599132
                 126;               640848
                 127;               586128
                 128;               593596
                 129;               588100
                 130;               591108
                 131;               595796
                 132;               595068
                 133;               590552
                 134;               589996
                 135;               594412
                 136;               578728
                 137;               596168
                 138;               590836
                 139;               589400
                 140;               590520
                 141;               582768
                 142;               591472
                 143;               596444
                 144;               597812
                 145;               594792
                 146;               591100
                 147;               631880
                 148;               587176
                 149;               593152
                 150;               594692
                 151;               594028
                 152;               592560
                 153;               592244
                 154;               594968
                 155;               591212
                 156;               583908
                 157;               592636
                 158;               588948
                 159;               593480
                 160;               592716
                 161;               592772
                 162;               598100
                 163;               580224
                 164;               592640
                 165;               598724
                 166;               593712
                 167;               594276
                 168;               577128
                 169;               591156
                 170;               593816
                 171;               589712
                 172;               595124
                 173;               591672
                 174;               592112
                 175;               587844
                 176;               589572
                 177;               597016
                 178;               597232
                 179;               591420
                 180;               596476
                 181;               635604
                 182;               595444
                 183;               582900
                 184;               593332
                 185;               591900
                 186;               593924
                 187;               592504
                 188;               594936
                 189;               594176
                 190;               593712
                 191;               595196
                 192;               590616
                 193;               592252
                 194;               592220
                 195;               582460
                 196;               591708
                 197;               593868
                 198;               593760
                 199;               595828
                 200;               596748
                 201;               598224
                 202;               634108
                 203;               595800
                 204;               594700
                 205;               592472
                 206;               590780
                 207;               595012
                 208;               586544
                 209;               600252
                 210;               618384
                 211;               589896
                 212;               593388
                 213;               592108
                 214;               593720
                 215;               593252
                 216;               590564
                 217;               592924
                 218;               589248
                 219;               594220
                 220;               594716
                 221;               589656
                 222;               582208
                 223;               593576
                 224;               590472
                 225;               595592
                 226;               588780
                 227;               592996
                 228;               597332
                 229;               589268
                 230;               576104
                 231;               593184
                 232;               592088
                 233;               593144
                 234;               594296
                 235;               587748
                 236;               596284
                 237;               588468
                 238;               592928
                 239;               635724
                 240;               590012
                 241;               592280
                 242;               592756
                 243;               591276
                 244;               595352
                 245;               591552
                 246;               591356
                 247;               636700
                 248;               587160
                 249;               588044
                 250;               589556
                 251;               671344
                 252;               609432
                 253;               673880
                 254;               666168
                 255;               618216
                 256;               669740
                 257;               602824
                 258;               606648
                 259;               604780
                 260;               593156
                 261;               597656
                 262;               587916
                 263;               587020
                 264;               598568
                 265;               595624
                 266;               598560
                 267;               599672
                 268;               598992
                 269;               603892
                 270;               606896
                 271;               716836
                 272;               597336
                 273;               600372
                 274;               602300
                 275;               622952
                 276;               636892
                 277;               778844
                 278;               630596
                 279;               662176
                 280;               605796
                 281;               607032
                 282;               729732
                 283;               615548
                 284;               733956
                 285;               599112
                 286;               605388
                 287;               601932
                 288;               612248
                 289;               648916
                 290;               599176
                 291;               614632
                 292;               656020
                 293;               606720
                 294;               594132
                 295;               593184
                 296;               605832
                 297;               646436
                 298;               600712
                 299;               601748
                 300;               602652
                 301;               605424
                 302;               650484
                 303;               601972
                 304;               604476
                 305;               604432
                 306;               605696
                 307;               653668
                 308;               603268
                 309;               654328
                 310;               601884
                 311;               610464
                 312;               649924
                 313;               604636
                 314;               619100
                 315;               599564
                 316;               599416
                 317;               603468
                 318;               619208
                 319;               617584
                 320;               697600
                 321;               600640
                 322;               599720
                 323;               599420
                 324;               603376
                 325;               608004
                 326;               602820
                 327;               596824
                 328;               605988
                 329;               599440
                 330;               598640
                 331;               666168
                 332;               601732
                 333;               610204
                 334;               637292
                 335;               603624
                 336;               602288
                 337;               609832
                 338;               675480
                 339;               598536
                 340;               611868
                 341;               612096
                 342;               606704
                 343;               607172
                 344;               626960
                 345;               669796
                 346;               601976
                 347;               602848
                 348;               606968
                 349;               652188
                 350;               602256
                 351;               600812
                 352;               599292
                 353;               596348
                 354;               621104
                 355;               592872
                 356;               600628
                 357;               598204
                 358;               607036
                 359;               621852
