                   0;              4982644
                   1;               465976
                   2;               444848
                   3;               475728
                   4;               446632
                   5;               430656
                   6;               436288
                   7;               425160
                   8;               427996
                   9;               429636
                  10;               424872
                  11;               433772
                  12;               432780
                  13;               506396
                  14;               432040
                  15;               431312
                  16;               430868
                  17;               433068
                  18;               438076
                  19;               433812
                  20;               426064
                  21;               444744
                  22;               433388
                  23;              1386680
                  24;               541432
                  25;              1265976
                  26;               461132
                  27;               445444
                  28;               441080
                  29;               497340
                  30;               438244
                  31;               431740
                  32;               432120
                  33;               443816
                  34;               435232
                  35;               432464
                  36;               429416
                  37;               427444
                  38;               430996
                  39;               440604
                  40;               435008
                  41;               432372
                  42;               423636
                  43;               424524
                  44;               423424
                  45;               424368
                  46;               427944
                  47;               430684
                  48;               431612
                  49;               420820
                  50;               436808
                  51;               427280
                  52;               428808
                  53;               425572
                  54;               422348
                  55;               423568
                  56;               427952
                  57;               431600
                  58;               431748
                  59;               423108
                  60;               433228
                  61;               461196
                  62;               430412
                  63;               429308
                  64;               415188
                  65;               429372
                  66;               430964
                  67;               430140
                  68;               428704
                  69;               415940
                  70;               430332
                  71;               427948
                  72;               425432
                  73;               433680
                  74;               418636
                  75;               428992
                  76;               433264
                  77;               427424
                  78;               432184
                  79;               423956
                  80;               427648
                  81;               432912
                  82;               429332
                  83;               431624
                  84;               420052
                  85;               434132
                  86;               462996
                  87;               425764
                  88;               428940
                  89;               421264
                  90;               425204
                  91;               435196
                  92;               420592
                  93;               428608
                  94;               428340
                  95;               427940
                  96;               440120
                  97;               436448
                  98;               428788
                  99;               429568
                 100;               429688
                 101;               429860
                 102;               431040
                 103;               430212
                 104;               423944
                 105;               430676
                 106;               428668
                 107;               431960
                 108;               428828
                 109;               417860
                 110;               431096
                 111;               432340
                 112;               426244
                 113;               429644
                 114;               419208
                 115;               424488
                 116;               431036
                 117;               457464
                 118;               425068
                 119;               412256
                 120;               425636
                 121;               430856
                 122;               431544
                 123;               457908
                 124;               416292
                 125;               433372
                 126;               431628
                 127;               427932
                 128;               432496
                 129;               413308
                 130;               433032
                 131;               427264
                 132;               427968
                 133;               435000
                 134;               419580
                 135;               430744
                 136;               426040
                 137;               429036
                 138;               421704
                 139;               418984
                 140;               432668
                 141;               439436
                 142;               430212
                 143;               429980
                 144;               417384
                 145;               431148
                 146;               435324
                 147;               429416
                 148;               426964
                 149;               422192
                 150;               435440
                 151;               426524
                 152;               428792
                 153;               434184
                 154;               462556
                 155;               424816
                 156;               429768
                 157;               429836
                 158;               432272
                 159;               429796
                 160;               461832
                 161;               424400
                 162;               430952
                 163;               430536
                 164;               429620
                 165;               429212
                 166;               426032
                 167;               427936
                 168;               427964
                 169;               430876
                 170;               433684
                 171;               430892
                 172;               433360
                 173;               425680
                 174;               425424
                 175;               429352
                 176;               426748
                 177;               431032
                 178;               425888
                 179;               427036
                 180;               428140
                 181;               429684
                 182;               437420
                 183;               432232
                 184;               428636
                 185;               432344
                 186;               428996
                 187;               427132
                 188;               427828
                 189;               434600
                 190;               435628
                 191;               433596
                 192;               425940
                 193;               429568
                 194;               430260
                 195;               431968
                 196;               437996
                 197;               456364
                 198;               426900
                 199;               428444
                 200;               432288
                 201;              3377292
                 202;               524536
                 203;              1600520
                 204;               467888
                 205;               443960
                 206;               446848
                 207;               437608
                 208;               410156
                 209;               435020
                 210;               434316
                 211;               429824
                 212;               437128
                 213;               420556
                 214;               429596
                 215;               430808
                 216;               433560
                 217;               438032
                 218;               430508
                 219;               510148
                 220;               428584
                 221;               427952
                 222;               442676
                 223;               434092
                 224;               434508
                 225;               430992
                 226;               427928
                 227;               434000
                 228;               415128
                 229;               431212
                 230;               430952
                 231;               426816
                 232;               431488
                 233;               420368
                 234;               428596
                 235;               433028
                 236;               433508
                 237;               427280
                 238;               424056
                 239;               432892
                 240;               429892
                 241;               435508
                 242;               436812
                 243;               423076
                 244;               425476
                 245;               428936
                 246;               428704
                 247;               430796
                 248;               425052
                 249;               439864
                 250;               487708
                 251;               437148
                 252;               435828
                 253;               436060
                 254;               493332
                 255;               525264
                 256;               513648
                 257;               660100
                 258;               496652
                 259;               446644
                 260;               446832
                 261;               444864
                 262;               445732
                 263;               446596
                 264;               441048
                 265;               437268
                 266;               438544
                 267;               433604
                 268;               444468
                 269;               437824
                 270;               441760
                 271;               488036
                 272;               956580
                 273;               439336
                 274;               437884
                 275;               436248
                 276;               467272
                 277;               434996
                 278;               439636
                 279;               435328
                 280;               443308
                 281;              1416524
                 282;               444464
                 283;               434796
                 284;               654200
                 285;               447872
                 286;               447424
                 287;               431556
                 288;               444968
                 289;               469364
                 290;               436940
                 291;               435732
                 292;               424120
                 293;               517472
                 294;               571228
                 295;               447164
                 296;               446992
                 297;               447512
                 298;               975668
                 299;               455608
                 300;               441756
                 301;               439456
                 302;               439076
                 303;               434836
                 304;               429868
                 305;               443016
                 306;               437752
                 307;               623808
                 308;               449328
                 309;               448592
                 310;               443304
                 311;               442472
                 312;               440844
                 313;               448572
                 314;               444656
                 315;               437288
                 316;               442720
                 317;               440840
                 318;               441532
                 319;               432212
                 320;               454624
                 321;               473140
                 322;               435064
                 323;               439540
                 324;               442240
                 325;               436836
                 326;               441420
                 327;               564640
                 328;               445780
                 329;               446060
                 330;               444576
                 331;               443200
                 332;               440448
                 333;               444136
                 334;               435476
                 335;               434380
                 336;               447072
                 337;               432372
                 338;               440720
                 339;               439564
                 340;               436728
                 341;               434012
                 342;               627896
                 343;               445240
                 344;               447960
                 345;               454216
                 346;               439588
                 347;               442732
                 348;               439988
                 349;               437404
                 350;               440368
                 351;               443868
                 352;               434952
                 353;               438908
                 354;               438276
                 355;               581960
                 356;               441360
                 357;               445804
                 358;               437444
                 359;               439576
