                   0;              1566868
                   1;               494528
                   2;               456592
                   3;               475232
                   4;               445140
                   5;               434860
                   6;               436188
                   7;               434892
                   8;               446528
                   9;               432264
                  10;               429044
                  11;               434800
                  12;               430860
                  13;               431976
                  14;               434272
                  15;               430552
                  16;               427460
                  17;               429444
                  18;               422008
                  19;               430508
                  20;               428064
                  21;               430504
                  22;               427144
                  23;               422212
                  24;              2476056
                  25;               497696
                  26;               464424
                  27;               447480
                  28;               699376
                  29;               459536
                  30;               477208
                  31;               434496
                  32;               435104
                  33;               432592
                  34;               431316
                  35;               435692
                  36;               434476
                  37;               431764
                  38;               429572
                  39;               430608
                  40;               431060
                  41;               432152
                  42;               430188
                  43;               424560
                  44;               426592
                  45;               428632
                  46;               433468
                  47;               432468
                  48;               436100
                  49;               430896
                  50;               437720
                  51;               429284
                  52;               429344
                  53;               429808
                  54;               433144
                  55;               476848
                  56;               428492
                  57;               432448
                  58;               425016
                  59;               428328
                  60;               427540
                  61;               429100
                  62;               429196
                  63;               428064
                  64;               429164
                  65;               431664
                  66;               430248
                  67;               428876
                  68;               434520
                  69;               427520
                  70;               425228
                  71;               428336
                  72;               426072
                  73;               427168
                  74;               429680
                  75;               427548
                  76;               429156
                  77;               431392
                  78;               435128
                  79;               430976
                  80;               430272
                  81;               426412
                  82;               425188
                  83;               432724
                  84;               434948
                  85;               434100
                  86;               459332
                  87;               431184
                  88;               433072
                  89;               428240
                  90;               430068
                  91;               427764
                  92;               457652
                  93;               426540
                  94;               429392
                  95;               426304
                  96;               430956
                  97;               433480
                  98;               432724
                  99;               428304
                 100;               432188
                 101;               427156
                 102;               434548
                 103;               428772
                 104;               429896
                 105;               428824
                 106;               430224
                 107;               432164
                 108;               425608
                 109;               432112
                 110;               425516
                 111;               426540
                 112;               431588
                 113;               426568
                 114;               431132
                 115;               429460
                 116;               434536
                 117;               428416
                 118;               432492
                 119;               428844
                 120;               425264
                 121;               428880
                 122;               424192
                 123;               462392
                 124;               431760
                 125;               429064
                 126;               428468
                 127;               430724
                 128;               429760
                 129;               428312
                 130;               423124
                 131;               427844
                 132;               428880
                 133;               430876
                 134;               434752
                 135;               434936
                 136;               430568
                 137;               428532
                 138;               430004
                 139;               433108
                 140;               428528
                 141;               430404
                 142;               421136
                 143;               427628
                 144;               423584
                 145;               426376
                 146;               428868
                 147;               424488
                 148;               434240
                 149;               427208
                 150;               431596
                 151;               430172
                 152;               417340
                 153;               429576
                 154;               477820
                 155;               429176
                 156;               426584
                 157;               413688
                 158;               428968
                 159;               429748
                 160;               427892
                 161;               433168
                 162;               409884
                 163;               431704
                 164;               426852
                 165;               428508
                 166;               428748
                 167;               410716
                 168;               428072
                 169;               433340
                 170;               425984
                 171;               423288
                 172;               420888
                 173;               430880
                 174;               427304
                 175;               426644
                 176;               427728
                 177;               419880
                 178;               432360
                 179;               429260
                 180;               423136
                 181;               429588
                 182;               425436
                 183;               446692
                 184;               431644
                 185;               424928
                 186;               437016
                 187;               425596
                 188;               424352
                 189;               456920
                 190;               432168
                 191;               431388
                 192;               417772
                 193;               431356
                 194;               431912
                 195;               427064
                 196;               431912
                 197;               420944
                 198;               426348
                 199;               428020
                 200;               432716
                 201;               429380
                 202;              5451904
                 203;               527984
                 204;               473232
                 205;               452388
                 206;               447724
                 207;               475680
                 208;               442964
                 209;               433292
                 210;               434136
                 211;               431920
                 212;               434812
                 213;               433864
                 214;               427144
                 215;               430540
                 216;               436744
                 217;               432244
                 218;               430500
                 219;               432928
                 220;               496480
                 221;               423992
                 222;               430108
                 223;               428548
                 224;               426216
                 225;               430624
                 226;               429708
                 227;               430560
                 228;               426668
                 229;               427052
                 230;               427916
                 231;               429672
                 232;               426612
                 233;               428452
                 234;               432224
                 235;               424984
                 236;               430244
                 237;               434140
                 238;               431312
                 239;               431372
                 240;               430228
                 241;               429396
                 242;               423396
                 243;               428772
                 244;               434580
                 245;               435552
                 246;               425732
                 247;               431432
                 248;               427548
                 249;               431096
                 250;               433468
                 251;               452132
                 252;               459144
                 253;               487660
                 254;               453164
                 255;               449816
                 256;               430516
                 257;               458212
                 258;               437320
                 259;               441200
                 260;               441376
                 261;               433004
                 262;               437264
                 263;               444100
                 264;               470160
                 265;               441044
                 266;               490308
                 267;               460864
                 268;               448384
                 269;               456716
                 270;               445184
                 271;               438068
                 272;               431116
                 273;               427344
                 274;               432920
                 275;               429800
                 276;               425604
                 277;               434380
                 278;               439836
                 279;               429112
                 280;               433120
                 281;               427052
                 282;               433188
                 283;               475612
                 284;               433520
                 285;               425648
                 286;               429056
                 287;               429436
                 288;               430628
                 289;               427844
                 290;               431980
                 291;               416360
                 292;               427508
                 293;               429152
                 294;               431036
                 295;               430228
                 296;               419488
                 297;               430668
                 298;               425292
                 299;               430904
                 300;               418280
                 301;               426532
                 302;               683824
                 303;               442160
                 304;               451040
                 305;               424604
                 306;               442784
                 307;               437132
                 308;               438800
                 309;               434712
                 310;               421676
                 311;               431540
                 312;               441084
                 313;               434060
                 314;               514292
                 315;               469012
                 316;               444988
                 317;               438292
                 318;               436072
                 319;               434412
                 320;               435304
                 321;               485536
                 322;               435388
                 323;               494668
                 324;               519132
                 325;               447820
                 326;               438004
                 327;               436300
                 328;               445444
                 329;               531484
                 330;               444076
                 331;               443384
                 332;               436068
                 333;               442572
                 334;               431332
                 335;               436584
                 336;               434536
                 337;               432976
                 338;               652820
                 339;               441944
                 340;               476084
                 341;               435904
                 342;               441192
                 343;               439960
                 344;               436224
                 345;               437256
                 346;               436696
                 347;               432124
                 348;               433000
                 349;               443920
                 350;               438528
                 351;               440556
                 352;               662532
                 353;               469584
                 354;               440204
                 355;               435892
                 356;               434400
                 357;               441784
                 358;               437072
                 359;               435288
