                   0;              7391128
                   1;               516848
                   2;               444664
                   3;               443560
                   4;               442616
                   5;               444052
                   6;               448940
                   7;               456724
                   8;               488420
                   9;               439808
                  10;               518992
                  11;               477580
                  12;               453092
                  13;               457260
                  14;               502548
                  15;               453368
                  16;               448224
                  17;               432128
                  18;               438676
                  19;               440652
                  20;               562936
                  21;               440512
                  22;               581504
                  23;               536356
                  24;               489508
                  25;               483844
                  26;               451804
                  27;               471276
                  28;               444668
                  29;               440096
                  30;               509304
                  31;               434260
                  32;               431676
                  33;               437208
                  34;               434656
                  35;               433532
                  36;               440212
                  37;               433408
                  38;               427032
                  39;               429236
                  40;               436088
                  41;               432268
                  42;               435308
                  43;               428872
                  44;               429180
                  45;               433060
                  46;               434144
                  47;               438300
                  48;               432660
                  49;               430376
                  50;               439240
                  51;               436140
                  52;               433344
                  53;               423624
                  54;               436116
                  55;               438196
                  56;               435864
                  57;               430100
                  58;               436100
                  59;               432076
                  60;               433104
                  61;               434996
                  62;               417740
                  63;               433220
                  64;               428892
                  65;               437160
                  66;               427868
                  67;               423520
                  68;               460876
                  69;               430692
                  70;               432908
                  71;               430636
                  72;               415004
                  73;               434588
                  74;               469680
                  75;               427896
                  76;               435668
                  77;               425304
                  78;               433772
                  79;               431688
                  80;               432040
                  81;               431052
                  82;               428140
                  83;               436120
                  84;               435104
                  85;               437020
                  86;               433184
                  87;               433528
                  88;               437444
                  89;               431976
                  90;               430520
                  91;               428172
                  92;               435580
                  93;               431664
                  94;               436096
                  95;               433092
                  96;               438592
                  97;               432956
                  98;               436496
                  99;               462704
                 100;               435512
                 101;               435144
                 102;               433272
                 103;               434172
                 104;               436604
                 105;               436288
                 106;               434716
                 107;               429384
                 108;               426252
                 109;               434600
                 110;               432468
                 111;               432884
                 112;               430848
                 113;               431308
                 114;               433736
                 115;               439956
                 116;               450480
                 117;               442692
                 118;               430600
                 119;               428664
                 120;               433544
                 121;               438180
                 122;               431328
                 123;               437880
                 124;               483132
                 125;               432752
                 126;               434428
                 127;               433472
                 128;               436628
                 129;               436560
                 130;               432604
                 131;               429536
                 132;               433752
                 133;               433432
                 134;               432596
                 135;               431820
                 136;               436832
                 137;               430452
                 138;               433012
                 139;               431208
                 140;               431228
                 141;               437224
                 142;               493260
                 143;               428580
                 144;               440056
                 145;               432152
                 146;               427328
                 147;               433576
                 148;               432132
                 149;               461448
                 150;               432696
                 151;               425168
                 152;               431984
                 153;               438608
                 154;               435724
                 155;               432684
                 156;               422212
                 157;               433396
                 158;               427368
                 159;               431892
                 160;               429680
                 161;               428724
                 162;               431208
                 163;               435064
                 164;               436464
                 165;               431540
                 166;               425504
                 167;               433564
                 168;               428780
                 169;               436404
                 170;               435972
                 171;               428232
                 172;               435224
                 173;               435196
                 174;               460936
                 175;               433612
                 176;               419856
                 177;               428740
                 178;               432052
                 179;               436636
                 180;               431672
                 181;               418796
                 182;               431720
                 183;               432228
                 184;               437700
                 185;               439324
                 186;               410892
                 187;               432052
                 188;               429968
                 189;               430824
                 190;               435764
                 191;               415292
                 192;               436388
                 193;               430572
                 194;               428264
                 195;               431816
                 196;               409676
                 197;               431016
                 198;               431928
                 199;               462868
                 200;              4973992
                 201;               543280
                 202;               478216
                 203;               451124
                 204;               444176
                 205;               431616
                 206;               435388
                 207;               444140
                 208;               439556
                 209;               434144
                 210;               432796
                 211;               434424
                 212;               435112
                 213;               440144
                 214;               432424
                 215;               489160
                 216;               427944
                 217;               434868
                 218;               438860
                 219;               436528
                 220;               431208
                 221;               435168
                 222;               431816
                 223;               438164
                 224;               433376
                 225;               421908
                 226;               433748
                 227;               443052
                 228;               429504
                 229;               440808
                 230;               415600
                 231;               432356
                 232;               433528
                 233;               435904
                 234;               435852
                 235;               415452
                 236;               428568
                 237;               433112
                 238;               431032
                 239;               433668
                 240;               476936
                 241;               430860
                 242;               435172
                 243;               433920
                 244;               432792
                 245;               413968
                 246;               433896
                 247;               435336
                 248;               431700
                 249;               432548
                 250;               425460
                 251;               445804
                 252;               435108
                 253;               434260
                 254;               438764
                 255;               622460
                 256;               599148
                 257;               491348
                 258;              1996464
                 259;               449500
                 260;               442200
                 261;               661784
                 262;               445340
                 263;               445404
                 264;               440452
                 265;               447768
                 266;               446648
                 267;               475292
                 268;               444760
                 269;               444632
                 270;               442828
                 271;               435220
                 272;               438380
                 273;               442536
                 274;               438388
                 275;               443816
                 276;               442488
                 277;               439452
                 278;               443392
                 279;               443940
                 280;               441708
                 281;               444880
                 282;               441600
                 283;               439064
                 284;               443064
                 285;               443396
                 286;               644664
                 287;              1052476
                 288;               446644
                 289;               431092
                 290;               439052
                 291;               447504
                 292;               445004
                 293;               439952
                 294;               421936
                 295;               438616
                 296;               603512
                 297;               449700
                 298;               445600
                 299;               432948
                 300;               447384
                 301;               442416
                 302;               444500
                 303;               442484
                 304;               442488
                 305;               449512
                 306;               440420
                 307;               438876
                 308;               670284
                 309;               449876
                 310;               441600
                 311;               449412
                 312;               501676
                 313;               435800
                 314;               438848
                 315;               449092
                 316;               438904
                 317;               503108
                 318;               529336
                 319;               445444
                 320;              2758108
                 321;               451704
                 322;               443572
                 323;               436896
                 324;               441560
                 325;               441168
                 326;               437820
                 327;               507632
                 328;               475356
                 329;               446320
                 330;               442500
                 331;               448908
                 332;               444072
                 333;               435536
                 334;               439096
                 335;               443032
                 336;               441612
                 337;               442672
                 338;               442944
                 339;               443096
                 340;               436396
                 341;               436148
                 342;               476912
                 343;               450868
                 344;               445312
                 345;               474376
                 346;               444892
                 347;               437116
                 348;               442716
                 349;               441944
                 350;               517608
                 351;               468512
                 352;              1356556
                 353;               429552
                 354;               438380
                 355;               436992
                 356;               615648
                 357;               454612
                 358;               438460
                 359;               439904
