                   0;               693420
                   1;               630576
                   2;               610796
                   3;               603788
                   4;               602476
                   5;               587308
                   6;               598632
                   7;               605156
                   8;               598324
                   9;               586320
                  10;               598544
                  11;               597688
                  12;               601604
                  13;               595088
                  14;               598072
                  15;               603420
                  16;               595836
                  17;               597284
                  18;               597856
                  19;               600128
                  20;               599116
                  21;               665624
                  22;               594756
                  23;               620444
                  24;               602272
                  25;               593328
                  26;               603648
                  27;               597756
                  28;               598764
                  29;               599760
                  30;               597324
                  31;               591840
                  32;               597752
                  33;               599724
                  34;               598504
                  35;               597208
                  36;               597216
                  37;               600272
                  38;               584612
                  39;               598292
                  40;               596432
                  41;               595172
                  42;               590212
                  43;               595552
                  44;               596788
                  45;               603048
                  46;               596592
                  47;               597180
                  48;               659652
                  49;               593620
                  50;               602912
                  51;               595524
                  52;               596944
                  53;               598920
                  54;               597544
                  55;               591632
                  56;               652408
                  57;               598988
                  58;               580844
                  59;               593984
                  60;               594804
                  61;               600968
                  62;               593484
                  63;               599392
                  64;               594500
                  65;               600904
                  66;               599048
                  67;               594592
                  68;               593068
                  69;               587856
                  70;               594492
                  71;               595164
                  72;               592164
                  73;               595136
                  74;               595548
                  75;               594112
                  76;               591944
                  77;               658872
                  78;               587624
                  79;               596368
                  80;               594636
                  81;               594660
                  82;               601008
                  83;               594832
                  84;               591660
                  85;               646996
                  86;               597048
                  87;               594400
                  88;               594696
                  89;               595048
                  90;               596624
                  91;               591540
                  92;               597092
                  93;               595236
                  94;               594264
                  95;               597564
                  96;               588124
                  97;               596204
                  98;               595480
                  99;               596132
                 100;               598020
                 101;               592620
                 102;               591116
                 103;               600976
                 104;               596084
                 105;               581192
                 106;               637588
                 107;               592144
                 108;               593724
                 109;               594424
                 110;               595152
                 111;               602564
                 112;               592120
                 113;               596452
                 114;               636464
                 115;               593224
                 116;               611728
                 117;               596844
                 118;               596924
                 119;               595072
                 120;               592036
                 121;               597668
                 122;               593888
                 123;               587880
                 124;               601508
                 125;               584580
                 126;               595644
                 127;               595028
                 128;               600172
                 129;               597376
                 130;               597560
                 131;               595156
                 132;               595900
                 133;               593608
                 134;               594452
                 135;               633408
                 136;               599016
                 137;               600004
                 138;               593224
                 139;               594432
                 140;               595964
                 141;               594360
                 142;               594668
                 143;               595564
                 144;               598640
                 145;               596756
                 146;               600504
                 147;               596444
                 148;               599364
                 149;               597748
                 150;               590460
                 151;               596960
                 152;               579936
                 153;               596884
                 154;               594524
                 155;               595940
                 156;               646984
                 157;               596180
                 158;               597924
                 159;               595812
                 160;               595108
                 161;               601348
                 162;               593336
                 163;               602780
                 164;               639380
                 165;               594368
                 166;               602060
                 167;               591608
                 168;               597168
                 169;               593052
                 170;               583372
                 171;               596832
                 172;               588952
                 173;               595324
                 174;               594400
                 175;               595136
                 176;               596276
                 177;               590648
                 178;               594748
                 179;               581840
                 180;               596828
                 181;               599356
                 182;               602808
                 183;               594436
                 184;               595920
                 185;               634632
                 186;               596996
                 187;               598500
                 188;               591752
                 189;               592832
                 190;               595404
                 191;               596372
                 192;               597004
                 193;               595380
                 194;               597984
                 195;               595468
                 196;               594212
                 197;               588648
                 198;               594252
                 199;               579488
                 200;               599760
                 201;               594228
                 202;               592196
                 203;               596608
                 204;               591248
                 205;               594172
                 206;               650264
                 207;               601224
                 208;               596024
                 209;               594304
                 210;               595772
                 211;               595312
                 212;               598928
                 213;               595504
                 214;               596888
                 215;               595884
                 216;               595440
                 217;               590796
                 218;               597272
                 219;               596088
                 220;               598976
                 221;               594808
                 222;               595656
                 223;               593752
                 224;               594204
                 225;               593700
                 226;               579780
                 227;               632640
                 228;               596004
                 229;               596120
                 230;               596460
                 231;               588852
                 232;               608384
                 233;               596088
                 234;               857188
                 235;               637596
                 236;               613096
                 237;               603280
                 238;               609172
                 239;               789180
                 240;               609008
                 241;               598672
                 242;               599744
                 243;               599552
                 244;               588904
                 245;               600316
                 246;               600980
                 247;               592692
                 248;               604484
                 249;               600768
                 250;               597584
                 251;               639788
                 252;               655672
                 253;               639524
                 254;               632996
                 255;               660096
                 256;               638876
                 257;               599712
                 258;               610740
                 259;               600248
                 260;               714840
                 261;               601760
                 262;               600796
                 263;               604532
                 264;               655588
                 265;               688788
                 266;               602952
                 267;               602480
                 268;               606824
                 269;               604748
                 270;               610856
                 271;               674116
                 272;               579156
                 273;               605820
                 274;               604856
                 275;               621040
                 276;               672280
                 277;               592292
                 278;               608264
                 279;               634604
                 280;               647128
                 281;               603040
                 282;               608736
                 283;               612996
                 284;               654628
                 285;               582784
                 286;               605256
                 287;               609840
                 288;               603752
                 289;               649392
                 290;               632064
                 291;               600140
                 292;               607040
                 293;               610024
                 294;               683872
                 295;               608944
                 296;               598960
                 297;               603116
                 298;               605080
                 299;               654292
                 300;               603340
                 301;               606824
                 302;               654664
                 303;               605412
                 304;               602272
                 305;               604188
                 306;               608220
                 307;               654184
                 308;               599180
                 309;               607884
                 310;               599536
                 311;               605392
                 312;               594972
                 313;               598344
                 314;               607020
                 315;               603348
                 316;               627400
                 317;               604644
                 318;               586800
                 319;               600136
                 320;               648224
                 321;               604028
                 322;               618928
                 323;               601056
                 324;               613808
                 325;               679016
                 326;               604032
                 327;               605452
                 328;               607316
                 329;               605088
                 330;               695936
                 331;               625328
                 332;               606548
                 333;               602832
                 334;               606080
                 335;               666992
                 336;               605912
                 337;               608720
                 338;               601732
                 339;               609324
                 340;               676428
                 341;               599916
                 342;               636896
                 343;               611192
                 344;               589780
                 345;               643372
                 346;               612132
                 347;               671824
                 348;               598832
                 349;               605844
                 350;               608344
                 351;               609292
                 352;               683972
                 353;               606648
                 354;               604360
                 355;               601632
                 356;               627496
                 357;               663696
                 358;               607608
                 359;               602192
