                   0;               698028
                   1;               639288
                   2;               607044
                   3;               608700
                   4;               588928
                   5;               598620
                   6;               655140
                   7;               599000
                   8;               621420
                   9;               607496
                  10;               599136
                  11;               599428
                  12;               597476
                  13;               595124
                  14;               658916
                  15;               659972
                  16;               668504
                  17;               657012
                  18;               652248
                  19;               658268
                  20;               655372
                  21;               669872
                  22;               665752
                  23;               644324
                  24;               660708
                  25;               672048
                  26;               661760
                  27;               654548
                  28;               669968
                  29;               655076
                  30;               650620
                  31;               670052
                  32;               655752
                  33;               652748
                  34;               915476
                  35;              1402088
                  36;               681904
                  37;               670728
                  38;               665968
                  39;               678088
                  40;               657016
                  41;               654412
                  42;               689756
                  43;               661712
                  44;               618456
                  45;               607320
                  46;               598504
                  47;               599668
                  48;               595684
                  49;               579888
                  50;               603324
                  51;               671148
                  52;               594380
                  53;               598680
                  54;               596024
                  55;               599568
                  56;               602552
                  57;               594964
                  58;               597396
                  59;               676880
                  60;               597284
                  61;               592320
                  62;               597732
                  63;               601628
                  64;               600380
                  65;               597036
                  66;               598628
                  67;               599636
                  68;               591672
                  69;               583684
                  70;               594992
                  71;               600480
                  72;               602804
                  73;               600264
                  74;               596476
                  75;               591208
                  76;               597244
                  77;               595132
                  78;               596352
                  79;               595984
                  80;               597392
                  81;               586396
                  82;               601016
                  83;               644076
                  84;               651940
                  85;               646164
                  86;               681364
                  87;               599740
                  88;               600312
                  89;               598956
                  90;               601216
                  91;               605292
                  92;               593528
                  93;               601368
                  94;               673272
                  95;               599612
                  96;               600300
                  97;               596544
                  98;               599440
                  99;               602096
                 100;               597268
                 101;               592920
                 102;               663840
                 103;               597952
                 104;               597428
                 105;               599832
                 106;               598860
                 107;               597912
                 108;               594488
                 109;               604168
                 110;               595904
                 111;               594896
                 112;               603088
                 113;               597200
                 114;               598184
                 115;               601144
                 116;               590976
                 117;               596556
                 118;               599076
                 119;               598308
                 120;               594584
                 121;               587808
                 122;               585236
                 123;               597400
                 124;               597312
                 125;               597880
                 126;               600204
                 127;               596896
                 128;               600036
                 129;               598276
                 130;               599676
                 131;               600196
                 132;               596048
                 133;               588548
                 134;               657280
                 135;               597328
                 136;               620360
                 137;               608596
                 138;               597612
                 139;               605012
                 140;               597500
                 141;               597040
                 142;               578332
                 143;               592488
                 144;               593696
                 145;               594344
                 146;               599636
                 147;               598516
                 148;               591780
                 149;               598476
                 150;               641944
                 151;               593324
                 152;               595396
                 153;               597404
                 154;               596624
                 155;               597544
                 156;               593620
                 157;               594136
                 158;               636992
                 159;               591112
                 160;               596136
                 161;               596364
                 162;               586572
                 163;               606016
                 164;               599916
                 165;               596824
                 166;               634040
                 167;               597964
                 168;               591032
                 169;               597548
                 170;               595312
                 171;               596696
                 172;               595848
                 173;               597000
                 174;               648264
                 175;               595572
                 176;               595508
                 177;               596664
                 178;               599264
                 179;               597976
                 180;               593116
                 181;               595564
                 182;               590796
                 183;               593948
                 184;               596916
                 185;               594500
                 186;               596772
                 187;               599076
                 188;               595192
                 189;               578468
                 190;               599132
                 191;               591956
                 192;               605816
                 193;               598984
                 194;               597640
                 195;               626648
                 196;               593288
                 197;               596612
                 198;               597944
                 199;               592864
                 200;               599832
                 201;               596684
                 202;               598424
                 203;               598028
                 204;               596924
                 205;               598976
                 206;               593684
                 207;               600528
                 208;               598288
                 209;               589240
                 210;               595788
                 211;               598864
                 212;               598164
                 213;               603776
                 214;               594108
                 215;               590652
                 216;               636472
                 217;               593908
                 218;               602688
                 219;               595332
                 220;               595764
                 221;               596264
                 222;               583752
                 223;               593792
                 224;               634960
                 225;               600356
                 226;               597008
                 227;               595492
                 228;               596452
                 229;               596424
                 230;               599164
                 231;               601044
                 232;               597620
                 233;               594640
                 234;               598384
                 235;               591076
                 236;               582596
                 237;               595664
                 238;               596656
                 239;               599936
                 240;               595112
                 241;               594284
                 242;               593244
                 243;               591560
                 244;               600240
                 245;               633676
                 246;               595332
                 247;               597752
                 248;               592048
                 249;               590640
                 250;               600872
                 251;               604688
                 252;               677120
                 253;               686048
                 254;               679852
                 255;               665872
                 256;               692688
                 257;               668736
                 258;               695868
                 259;               670720
                 260;               665612
                 261;               669612
                 262;               689256
                 263;               660036
                 264;               656696
                 265;               681088
                 266;               665776
                 267;               676840
                 268;               666176
                 269;               671420
                 270;               732160
                 271;               679400
                 272;               816240
                 273;               692360
                 274;               821540
                 275;               687736
                 276;               691964
                 277;               682660
                 278;               675000
                 279;               679024
                 280;               678484
                 281;               675856
                 282;               635220
                 283;               611652
                 284;               607892
                 285;               613716
                 286;               649800
                 287;               604548
                 288;               604520
                 289;               605252
                 290;               610236
                 291;               602784
                 292;               605496
                 293;               595184
                 294;               613232
                 295;               603064
                 296;               600812
                 297;               605800
                 298;               606440
                 299;               605660
                 300;               621556
                 301;               599472
                 302;               607820
                 303;               606384
                 304;               601260
                 305;               628780
                 306;               648396
                 307;               600244
                 308;               601704
                 309;               609176
                 310;               606320
                 311;               598104
                 312;               608844
                 313;               589332
                 314;               633188
                 315;               597868
                 316;               606596
                 317;               604020
                 318;               604472
                 319;               611224
                 320;               603644
                 321;               639288
                 322;               653816
                 323;               648688
                 324;               643008
                 325;               620348
                 326;               589656
                 327;               604484
                 328;               602288
                 329;               605828
                 330;               614132
                 331;               601288
                 332;               599308
                 333;               615308
                 334;               610728
                 335;               607456
                 336;               666912
                 337;               601980
                 338;               608648
                 339;               748784
                 340;               603336
                 341;               603368
                 342;               610184
                 343;               607804
                 344;               605672
                 345;               608060
                 346;               604172
                 347;               717848
                 348;               611832
                 349;               599772
                 350;               601836
                 351;               604732
                 352;               603280
                 353;               611860
                 354;               597340
                 355;               599388
                 356;               604476
                 357;               609860
                 358;               616816
                 359;               576720
