                   0;              6370892
                   1;               524728
                   2;               466748
                   3;               483076
                   4;               448236
                   5;               433552
                   6;               436660
                   7;               435500
                   8;               441436
                   9;               426408
                  10;               420124
                  11;               431720
                  12;               439304
                  13;               433432
                  14;               431248
                  15;               448296
                  16;               427120
                  17;               435280
                  18;               435460
                  19;               432704
                  20;               437252
                  21;               430460
                  22;               431556
                  23;               430316
                  24;              1295948
                  25;               496072
                  26;               463472
                  27;               444080
                  28;               439108
                  29;               442484
                  30;               437724
                  31;               431548
                  32;               440408
                  33;               432956
                  34;               433744
                  35;               436328
                  36;               465664
                  37;               423912
                  38;               432940
                  39;               426240
                  40;               438644
                  41;               435508
                  42;               431700
                  43;               439324
                  44;               420244
                  45;               433436
                  46;               431212
                  47;               432448
                  48;               431148
                  49;               457144
                  50;               435796
                  51;               432840
                  52;               429972
                  53;               428748
                  54;               411664
                  55;               435156
                  56;               433032
                  57;               432884
                  58;               429136
                  59;               414132
                  60;               434040
                  61;               430928
                  62;               491340
                  63;               431584
                  64;               417360
                  65;               430320
                  66;               431416
                  67;               427108
                  68;               429816
                  69;               432124
                  70;               431628
                  71;               428948
                  72;               433084
                  73;               431984
                  74;               430232
                  75;               427312
                  76;               431448
                  77;               437036
                  78;               435396
                  79;               434184
                  80;               435064
                  81;               428180
                  82;               426484
                  83;               431756
                  84;               435180
                  85;               433232
                  86;               432520
                  87;               430056
                  88;               431400
                  89;               431336
                  90;               432012
                  91;               429880
                  92;               431032
                  93;               433688
                  94;               429896
                  95;               430356
                  96;               436912
                  97;               433676
                  98;               435016
                  99;               433608
                 100;               465012
                 101;               431856
                 102;               425604
                 103;               431328
                 104;               429012
                 105;               432776
                 106;               430704
                 107;               427552
                 108;               431280
                 109;               428412
                 110;               434492
                 111;               433188
                 112;               431564
                 113;               479468
                 114;               428616
                 115;               425056
                 116;               427428
                 117;               430300
                 118;               433816
                 119;               429960
                 120;               431472
                 121;               432272
                 122;               430140
                 123;               431936
                 124;               426980
                 125;               432044
                 126;               426532
                 127;               426876
                 128;               429804
                 129;               434440
                 130;               430980
                 131;               435904
                 132;               458348
                 133;               425392
                 134;               426072
                 135;               433456
                 136;               436832
                 137;               429624
                 138;               420484
                 139;               431648
                 140;               427160
                 141;               424556
                 142;               431568
                 143;               415192
                 144;               432832
                 145;               430804
                 146;               430016
                 147;               433448
                 148;               416456
                 149;               429152
                 150;               436848
                 151;               472000
                 152;               433208
                 153;               419656
                 154;               427688
                 155;               432596
                 156;               426796
                 157;               439900
                 158;               421432
                 159;               429872
                 160;               429832
                 161;               435088
                 162;               436192
                 163;               428484
                 164;               429924
                 165;               433812
                 166;               437732
                 167;               436412
                 168;               424568
                 169;               433852
                 170;               433308
                 171;               429676
                 172;               431584
                 173;               421748
                 174;               434276
                 175;               431832
                 176;               481412
                 177;               431072
                 178;               425796
                 179;               433336
                 180;               433804
                 181;               432284
                 182;               430052
                 183;               424140
                 184;               430608
                 185;               427324
                 186;               426732
                 187;               431980
                 188;               426568
                 189;               429712
                 190;               433212
                 191;               428492
                 192;               432512
                 193;               429072
                 194;               433320
                 195;               465440
                 196;               428316
                 197;               428460
                 198;               425964
                 199;               429496
                 200;               438460
                 201;               436112
                 202;               568444
                 203;               495936
                 204;               457628
                 205;               440800
                 206;               435836
                 207;               440848
                 208;               440328
                 209;               437244
                 210;               435052
                 211;               427980
                 212;               432972
                 213;               437964
                 214;               432708
                 215;               495780
                 216;               437064
                 217;               414436
                 218;               435124
                 219;               431884
                 220;               432604
                 221;               429160
                 222;               414428
                 223;               435200
                 224;               429576
                 225;               431780
                 226;               432404
                 227;               424708
                 228;               428316
                 229;               426112
                 230;               427328
                 231;               432700
                 232;               423328
                 233;               430532
                 234;               428512
                 235;               433156
                 236;               430172
                 237;               419640
                 238;               429920
                 239;               432172
                 240;               429112
                 241;               427636
                 242;               427184
                 243;               433732
                 244;               434640
                 245;               430164
                 246;               435060
                 247;               428932
                 248;               427336
                 249;               437620
                 250;               433832
                 251;               444268
                 252;               436588
                 253;               431848
                 254;               423664
                 255;               433352
                 256;               431144
                 257;               428188
                 258;               430276
                 259;               429756
                 260;               698744
                 261;               631260
                 262;              1556304
                 263;               442504
                 264;               444428
                 265;               438868
                 266;               442900
                 267;               634660
                 268;               468588
                 269;               444884
                 270;               446532
                 271;               446852
                 272;               439092
                 273;               435240
                 274;               438320
                 275;               435520
                 276;               439868
                 277;              1449544
                 278;               469932
                 279;               439044
                 280;               490336
                 281;               437380
                 282;               447716
                 283;               448108
                 284;               443036
                 285;               441776
                 286;               429684
                 287;               435992
                 288;               441740
                 289;               438384
                 290;               437480
                 291;               422312
                 292;               594584
                 293;               471508
                 294;               442800
                 295;               450544
                 296;               437640
                 297;               436236
                 298;               660928
                 299;               444680
                 300;               444584
                 301;               443052
                 302;               443568
                 303;               452552
                 304;               439812
                 305;               432116
                 306;               468216
                 307;               492688
                 308;               443832
                 309;               449060
                 310;               436516
                 311;               451348
                 312;               445064
                 313;               437028
                 314;               440900
                 315;               440412
                 316;               436936
                 317;               439476
                 318;               455120
                 319;               439352
                 320;               501552
                 321;               527384
                 322;               443700
                 323;               447276
                 324;               445584
                 325;               434760
                 326;               443284
                 327;               448036
                 328;               444756
                 329;               442016
                 330;               445380
                 331;               442576
                 332;               440124
                 333;               437640
                 334;               619308
                 335;               449792
                 336;               445844
                 337;               436440
                 338;               470712
                 339;               432020
                 340;               438132
                 341;               435832
                 342;               440856
                 343;               440544
                 344;               437772
                 345;               436320
                 346;               438528
                 347;               438596
                 348;               439512
                 349;               608696
                 350;               454212
                 351;               474652
                 352;               435276
                 353;               439972
                 354;               437460
                 355;               436480
                 356;               432908
                 357;               438188
                 358;               503124
                 359;              2015432
