                   0;              5570708
                   1;              5574924
                   2;              5637268
                   3;              5761724
                   4;              5612420
                   5;              5602324
                   6;              5569636
                   7;              5577032
                   8;              5605612
                   9;              5607496
                  10;              5606660
                  11;              5610252
                  12;              5566748
                  13;              5566076
                  14;              5570900
                  15;              5609908
                  16;              5618452
                  17;              5615440
                  18;              5607816
                  19;              5609604
                  20;              5576612
                  21;              5571432
                  22;              5574588
                  23;              5608148
                  24;              5645340
                  25;              5609692
                  26;              5604672
                  27;              5576492
                  28;              5573716
                  29;              5574824
                  30;              5615528
                  31;              5618152
                  32;              5601848
                  33;              5605328
                  34;              5606768
                  35;              5572752
                  36;              5566980
                  37;              5608420
                  38;              5611460
                  39;              5623796
                  40;              5609540
                  41;              5575260
                  42;              5576360
                  43;              5774056
                  44;              5611908
                  45;              5557384
                  46;              5740084
                  47;              5583024
                  48;              5621860
                  49;              5616420
                  50;              5612092
                  51;              5608712
                  52;              5579676
                  53;              5574840
                  54;              5575028
                  55;              5623908
                  56;              5611128
                  57;              5619080
                  58;              5602460
                  59;              5579252
                  60;              5575788
                  61;              5573600
                  62;              5623728
                  63;              5613496
                  64;              5603920
                  65;              5608032
                  66;              5578792
                  67;              5574136
                  68;              5569804
                  69;              5616784
                  70;              5610844
                  71;              5609668
                  72;              5613528
                  73;              5568092
                  74;              5576144
                  75;              5571868
                  76;              5615796
                  77;              5610228
                  78;              5611324
                  79;              5604104
                  80;              5570088
                  81;              5572472
                  82;              5575168
                  83;              5613772
                  84;              5611492
                  85;              5604012
                  86;              5614172
                  87;              5606024
                  88;              5572156
                  89;              5572744
                  90;              5571592
                  91;              5612364
                  92;              5613592
                  93;              5603700
                  94;              5611196
                  95;              5578020
                  96;              5574312
                  97;              5574812
                  98;              5612036
                  99;              5612792
                 100;              5610744
                 101;              5614344
                 102;              5576424
                 103;              5573272
                 104;              5570424
                 105;              5613976
                 106;              5609148
                 107;              5611264
                 108;              5655324
                 109;              5578640
                 110;              5576776
                 111;              5569844
                 112;              5607248
                 113;              5608468
                 114;              5610256
                 115;              5608156
                 116;              5575488
                 117;              5570516
                 118;              5570156
                 119;              5610488
                 120;              5605160
                 121;              5609180
                 122;              5604388
                 123;              5571724
                 124;              5577376
                 125;              5571512
                 126;              5617248
                 127;              5611832
                 128;              5615460
                 129;              5652916
                 130;              5576688
                 131;              5572180
                 132;              5574416
                 133;              5611332
                 134;              5610580
                 135;              5610168
                 136;              5657584
                 137;              5573932
                 138;              5569220
                 139;              5573200
                 140;              5612348
                 141;              5608100
                 142;              5610092
                 143;              5606728
                 144;              5565576
                 145;              5572916
                 146;              5573764
                 147;              5615372
                 148;              5611308
                 149;              5611336
                 150;              5605908
                 151;              5605252
                 152;              5573016
                 153;              5575136
                 154;              5612984
                 155;              5610716
                 156;              5608752
                 157;              5613160
                 158;              5608656
                 159;              5574512
                 160;              5572132
                 161;              5573448
                 162;              5610160
                 163;              5600832
                 164;              5607952
                 165;              5609172
                 166;              5579688
                 167;              5570388
                 168;              5573320
                 169;              5610416
                 170;              5613088
                 171;              5606404
                 172;              5613788
                 173;              5574776
                 174;              6142936
                 175;              5620204
                 176;              5628264
                 177;              5614936
                 178;              5600408
                 179;              5577516
                 180;              5578968
                 181;              5693120
                 182;              5610356
                 183;              5606620
                 184;              5614644
                 185;              5655920
                 186;              5575376
                 187;              5571380
                 188;              5609632
                 189;              5608880
                 190;              5608352
                 191;              5617508
                 192;              5605040
                 193;              5572640
                 194;              5574608
                 195;              5573588
                 196;              5609432
                 197;              5607532
                 198;              5608100
                 199;              5605772
                 200;              5569760
                 201;              5570820
                 202;              5575104
                 203;              5611848
                 204;              5605916
                 205;              5608920
                 206;              5608272
                 207;              5574036
                 208;              5572632
                 209;              5570612
                 210;              5614516
                 211;              5611008
                 212;              5607384
                 213;              5639236
                 214;              5578172
                 215;              5571268
                 216;              5576264
                 217;              5609252
                 218;              5610224
                 219;              5607572
                 220;              5645292
                 221;              5576832
                 222;              5569092
                 223;              5572160
                 224;              5611076
                 225;              5606000
                 226;              5608664
                 227;              5607860
                 228;              5576176
                 229;              5575352
                 230;              5575964
                 231;              5606488
                 232;              5609192
                 233;              5607444
                 234;              5607888
                 235;              5580248
                 236;              5571384
                 237;              5573004
                 238;              5605960
                 239;              5611008
                 240;              5614132
                 241;              5609688
                 242;              5575624
                 243;              5569956
                 244;              5574388
                 245;              5607612
                 246;              5608280
                 247;              5606096
                 248;              5608880
                 249;              5572780
                 250;              5575036
                 251;              5672060
                 252;              5704624
                 253;              5612152
                 254;              5624884
                 255;              5583596
                 256;              5598956
                 257;              5570736
                 258;              5648664
                 259;              5591968
                 260;              5644820
                 261;              5616332
                 262;              5595324
                 263;              5590768
                 264;              5605176
                 265;              5610504
                 266;              5602656
                 267;              5637300
                 268;              5592184
                 269;              5579220
                 270;              5591236
                 271;              5626968
                 272;              5635940
                 273;              5624092
                 274;              5599804
                 275;              5588176
                 276;              5602632
                 277;              5575964
                 278;              5605572
                 279;              5617068
                 280;              5651940
                 281;              5560452
                 282;              5579612
                 283;              5582020
                 284;              5666288
                 285;              5633020
                 286;              5608496
                 287;              5620084
                 288;              5575036
                 289;              5612724
                 290;              5568084
                 291;              5648048
                 292;              5655036
                 293;              5644596
                 294;              5576104
                 295;              5609128
                 296;              5594276
                 297;              5643452
                 298;              5588700
                 299;              5652332
                 300;              5625616
                 301;              5752388
                 302;              5620892
                 303;              5651784
                 304;              5639468
                 305;              5919000
                 306;              5590576
                 307;              5624604
                 308;              5694220
                 309;              5637156
                 310;              5612888
                 311;              5607112
                 312;              5591680
                 313;              5577824
                 314;              5598360
                 315;              5601832
                 316;              5616312
                 317;              5603984
                 318;              5605980
                 319;              5568384
                 320;              5597580
                 321;              5583348
                 322;              5619076
                 323;              5599396
                 324;              5613452
                 325;              5601172
                 326;              5588324
                 327;              5579420
                 328;              5578472
                 329;              5604924
                 330;              5608432
                 331;              5598164
                 332;              5604192
                 333;              5570808
                 334;              5590016
                 335;              5577260
                 336;              5607416
                 337;              5617408
                 338;              5596588
                 339;              5609392
                 340;              5587308
                 341;              5578956
                 342;              5576048
                 343;              5623364
                 344;              5601176
                 345;              5761640
                 346;              5618688
                 347;              5580560
                 348;              5581928
                 349;              5592972
                 350;              5613704
                 351;              5610952
                 352;              5625512
                 353;              5605572
                 354;              5579384
                 355;              5591584
                 356;              5604740
                 357;              5596552
                 358;              5614992
                 359;              5634668
