                   0;              5567512
                   1;              5584800
                   2;              5580936
                   3;              5641212
                   4;              7126960
                   5;              5609376
                   6;              5577112
                   7;              5574688
                   8;              5618896
                   9;              5624756
                  10;              5610448
                  11;              5607576
                  12;              5569644
                  13;              5577276
                  14;              5575568
                  15;              5614404
                  16;              5609748
                  17;              5605692
                  18;              5605652
                  19;              5573488
                  20;              5574720
                  21;              5573528
                  22;              5616848
                  23;              5610380
                  24;              5609748
                  25;              5605184
                  26;              5565236
                  27;              5572948
                  28;              5571364
                  29;              5608568
                  30;              5608428
                  31;              5603128
                  32;              5606992
                  33;              5604036
                  34;              5577900
                  35;              5569600
                  36;              5570364
                  37;              5608628
                  38;              5609416
                  39;              5610380
                  40;              5605916
                  41;              5574344
                  42;              6140500
                  43;              5856144
                  44;              5611100
                  45;              5618412
                  46;              5605476
                  47;              5576768
                  48;              5572676
                  49;              5575660
                  50;              5607916
                  51;              5610220
                  52;              5610852
                  53;              5607916
                  54;              5573484
                  55;              5571728
                  56;              5572904
                  57;              5613732
                  58;              5606512
                  59;              5605500
                  60;              5612388
                  61;              5578560
                  62;              5573128
                  63;              5570624
                  64;              5614216
                  65;              5605176
                  66;              5608268
                  67;              5607792
                  68;              5576976
                  69;              5569816
                  70;              5571448
                  71;              5629072
                  72;              5609520
                  73;              5609148
                  74;              5608160
                  75;              5580764
                  76;              5578308
                  77;              5571040
                  78;              5611360
                  79;              5612004
                  80;              5608748
                  81;              5610336
                  82;              5579164
                  83;              5574208
                  84;              5572716
                  85;              5619352
                  86;              5611132
                  87;              5606796
                  88;              5607268
                  89;              5575764
                  90;              5574000
                  91;              5570308
                  92;              5613344
                  93;              5609408
                  94;              5612880
                  95;              5608896
                  96;              5569852
                  97;              5572796
                  98;              5570496
                  99;              5604964
                 100;              5614604
                 101;              5615108
                 102;              5605772
                 103;              5605796
                 104;              5573900
                 105;              5574052
                 106;              5570064
                 107;              5614288
                 108;              5608116
                 109;              5609948
                 110;              5609764
                 111;              5580616
                 112;              5571860
                 113;              5568472
                 114;              5608208
                 115;              5609712
                 116;              5602492
                 117;              5610532
                 118;              5580040
                 119;              5575232
                 120;              5571788
                 121;              5614108
                 122;              5610424
                 123;              5599996
                 124;              5608120
                 125;              5572192
                 126;              5576468
                 127;              5573416
                 128;              5607228
                 129;              5608704
                 130;              5607272
                 131;              5605300
                 132;              5572524
                 133;              5572412
                 134;              5573360
                 135;              5609248
                 136;              5608236
                 137;              5609132
                 138;              5608536
                 139;              5605676
                 140;              5574796
                 141;              5568936
                 142;              5573592
                 143;              5608988
                 144;              5605864
                 145;              5615316
                 146;              5606352
                 147;              5578616
                 148;              5573492
                 149;              5591400
                 150;              5613188
                 151;              5603288
                 152;              5605736
                 153;              5607096
                 154;              5581356
                 155;              5571380
                 156;              5572124
                 157;              5611996
                 158;              5613096
                 159;              5605204
                 160;              5607012
                 161;              5578908
                 162;              5571556
                 163;              5572600
                 164;              5609668
                 165;              5604348
                 166;              5609772
                 167;              5614580
                 168;              5580232
                 169;              5570200
                 170;              5572216
                 171;              5611072
                 172;              5616584
                 173;              5614760
                 174;              5652436
                 175;              5598868
                 176;              5665936
                 177;              5658908
                 178;              5619388
                 179;              5626384
                 180;              5578460
                 181;              5573836
                 182;              5635152
                 183;              5620660
                 184;              5618452
                 185;              5619536
                 186;              5559808
                 187;              5573856
                 188;              5575904
                 189;              5633036
                 190;              5637912
                 191;              5616376
                 192;              5605636
                 193;              5598104
                 194;              5571464
                 195;              5576580
                 196;              5613964
                 197;              5611636
                 198;              5610248
                 199;              5609788
                 200;              5573756
                 201;              5570072
                 202;              5575384
                 203;              5608860
                 204;              5606540
                 205;              5611832
                 206;              5609024
                 207;              5566796
                 208;              5577016
                 209;              5578152
                 210;              5612048
                 211;              5608756
                 212;              5607084
                 213;              5606512
                 214;              5612148
                 215;              5575852
                 216;              5573384
                 217;              5570680
                 218;              5609844
                 219;              5605596
                 220;              5610648
                 221;              5607836
                 222;              5578276
                 223;              5575628
                 224;              5576448
                 225;              5654236
                 226;              5608680
                 227;              5661564
                 228;              5607344
                 229;              5577848
                 230;              5575068
                 231;              5575912
                 232;              5613644
                 233;              5612160
                 234;              5610344
                 235;              5608440
                 236;              5578392
                 237;              5575240
                 238;              5570984
                 239;              5609800
                 240;              5609948
                 241;              5607208
                 242;              5605772
                 243;              5571984
                 244;              5573292
                 245;              5573468
                 246;              5613252
                 247;              5609920
                 248;              5609356
                 249;              5612484
                 250;              5604296
                 251;              5682604
                 252;              5665924
                 253;              5644920
                 254;              5604644
                 255;              5625832
                 256;              5647512
                 257;              5575916
                 258;              5592060
                 259;              5598408
                 260;              5648108
                 261;              5604584
                 262;              5605644
                 263;              5581048
                 264;              5627200
                 265;              5575316
                 266;              5631864
                 267;              5602264
                 268;              5624784
                 269;              5603480
                 270;              5608488
                 271;              5581292
                 272;              5629556
                 273;              5644240
                 274;              5634436
                 275;              5594860
                 276;              5604920
                 277;              5611592
                 278;              5595180
                 279;              5612876
                 280;              5583700
                 281;              5596668
                 282;              5635160
                 283;              5573196
                 284;              5577756
                 285;              5604500
                 286;              5629360
                 287;              5615268
                 288;              5605168
                 289;              5581280
                 290;              5589340
                 291;              5575556
                 292;              5668776
                 293;              5623528
                 294;              5618576
                 295;              5598640
                 296;              5581592
                 297;              5575476
                 298;              5597584
                 299;              5615752
                 300;              5604748
                 301;              5626172
                 302;              5594260
                 303;              5574040
                 304;              5666192
                 305;              5672480
                 306;              5725572
                 307;              5648764
                 308;              5634076
                 309;              5618488
                 310;              5648320
                 311;              5677332
                 312;              5634232
                 313;              5635896
                 314;              5612204
                 315;              5580196
                 316;              5616000
                 317;              5605316
                 318;              5659204
                 319;              5619480
                 320;              5877728
                 321;              5586720
                 322;              5617804
                 323;              5606368
                 324;              5654028
                 325;              5618120
                 326;              5658772
                 327;              5606904
                 328;              5612048
                 329;              5651416
                 330;              5612612
                 331;              5636396
                 332;              5605568
                 333;              5598028
                 334;              5576580
                 335;              5635376
                 336;              5639608
                 337;              5647900
                 338;              5645280
                 339;              5625448
                 340;              5601908
                 341;              5596996
                 342;              5640344
                 343;              5747640
                 344;              5667156
                 345;              5617116
                 346;              5620816
                 347;              5621348
                 348;              6035144
                 349;              5639412
                 350;              5700772
                 351;              5623580
                 352;              5611016
                 353;              5618204
                 354;              5650052
                 355;              5636100
                 356;              5660288
                 357;              5643464
                 358;              5573536
                 359;              5626924
