                   0;             10284580
                   1;              3406064
                   2;              3406332
                   3;              3398916
                   4;              3390412
                   5;              3461724
                   6;              3454944
                   7;              3453012
                   8;              3470836
                   9;              3474620
                  10;              3387820
                  11;              3394080
                  12;              3393468
                  13;              3394664
                  14;              3387112
                  15;              3391020
                  16;              3387272
                  17;              3395532
                  18;              3411100
                  19;              3386964
                  20;              3389696
                  21;              3389800
                  22;              3350104
                  23;              3389516
                  24;              3393848
                  25;              3398604
                  26;              3390308
                  27;              3386432
                  28;              3392032
                  29;              3391500
                  30;              3362316
                  31;              3393236
                  32;              3392272
                  33;              3416360
                  34;              3421500
                  35;              3382280
                  36;              3401264
                  37;              3393948
                  38;              3394284
                  39;              3390124
                  40;              3388944
                  41;              3389856
                  42;              3385692
                  43;              3389908
                  44;              3392348
                  45;              8704712
                  46;              3393408
                  47;              3386252
                  48;              3472980
                  49;              3378464
                  50;              3420936
                  51;              3462332
                  52;              3442868
                  53;              3388156
                  54;              3388452
                  55;              3391096
                  56;              3387608
                  57;              3383656
                  58;              3388688
                  59;              3386272
                  60;              3382204
                  61;              3392316
                  62;              3394180
                  63;              3392476
                  64;              3432232
                  65;              3381952
                  66;              3393700
                  67;              3397760
                  68;              3385100
                  69;              3388020
                  70;              3382524
                  71;              3393544
                  72;              3384260
                  73;              3386200
                  74;              3430920
                  75;              3423072
                  76;              3421652
                  77;              3421304
                  78;              3387096
                  79;              3396296
                  80;              3392040
                  81;              3383704
                  82;              3387956
                  83;              3388864
                  84;              3387968
                  85;              3383880
                  86;              3390484
                  87;              3390628
                  88;              3381444
                  89;              3397712
                  90;              3396916
                  91;              3353776
                  92;              3388068
                  93;              3393364
                  94;              3397688
                  95;              3391136
                  96;              3381576
                  97;              3392372
                  98;              3381544
                  99;              3386556
                 100;              3425688
                 101;              3423108
                 102;              3422196
                 103;              3423924
                 104;              3356908
                 105;              3385204
                 106;              3490220
                 107;              3384136
                 108;              3384736
                 109;              3388528
                 110;              3392480
                 111;              3386840
                 112;              3422840
                 113;              3386272
                 114;              3388772
                 115;              3390984
                 116;              3420372
                 117;              3363148
                 118;              3359708
                 119;              3394616
                 120;              3394184
                 121;              3393640
                 122;              3390084
                 123;              3355900
                 124;              3396216
                 125;              3389032
                 126;              3393660
                 127;              3386768
                 128;              3394188
                 129;              3402800
                 130;              3383800
                 131;              3394364
                 132;              3398128
                 133;              3386912
                 134;              3383864
                 135;              3389536
                 136;              3393520
                 137;              3391200
                 138;              3422840
                 139;              3388060
                 140;              3388824
                 141;              3424720
                 142;              3425432
                 143;              3378924
                 144;              3354916
                 145;              3357844
                 146;              3358160
                 147;              3356848
                 148;              3360040
                 149;              3350712
                 150;              3360044
                 151;              3553856
                 152;              3418308
                 153;              3418132
                 154;              3427580
                 155;              3383948
                 156;              3397876
                 157;              3402856
                 158;              3391176
                 159;              3391796
                 160;              3392332
                 161;              3391168
                 162;              3400204
                 163;              3427640
                 164;              3393140
                 165;              3386868
                 166;              3394096
                 167;              3395200
                 168;              3348936
                 169;              3394764
                 170;              3385140
                 171;              3397496
                 172;              3393668
                 173;              3381228
                 174;              3390228
                 175;              3391080
                 176;              3385796
                 177;              3432704
                 178;              3412500
                 179;              3425140
                 180;              3370048
                 181;              3361168
                 182;              3398492
                 183;              3390848
                 184;              6088876
                 185;              3442856
                 186;              3456956
                 187;              3584864
                 188;              3417844
                 189;              3383484
                 190;              3385484
                 191;              3433408
                 192;              3388660
                 193;              3388848
                 194;              3394268
                 195;              3390148
                 196;              3394728
                 197;              3430464
                 198;              3425884
                 199;              3424624
                 200;              3393796
                 201;              3383320
                 202;              3390964
                 203;              3395164
                 204;              3395204
                 205;              3391012
                 206;              3387792
                 207;              3388708
                 208;              3389568
                 209;              3428848
                 210;              3404144
                 211;              3387892
                 212;              3426264
                 213;              3429096
                 214;              3383084
                 215;              3391708
                 216;              3387596
                 217;              3393420
                 218;              3394320
                 219;              3392016
                 220;              3395180
                 221;              3385000
                 222;              3421704
                 223;              3393616
                 224;              3390620
                 225;              3469576
                 226;              3421588
                 227;              3385036
                 228;              3401724
                 229;              3397504
                 230;              3396992
                 231;              3396068
                 232;              3391500
                 233;              3392000
                 234;              3387956
                 235;              3396308
                 236;              3385852
                 237;              3387400
                 238;              3426144
                 239;              3390804
                 240;              3389188
                 241;              3354284
                 242;              3357036
                 243;              3359204
                 244;              3358648
                 245;              3355732
                 246;              3353328
                 247;              3368976
                 248;              3394860
                 249;              3427388
                 250;              3427672
                 251;              3691352
                 252;              3749676
                 253;              3447392
                 254;              7996924
                 255;              3363784
                 256;              3421456
                 257;              3622244
                 258;              3386688
                 259;              3390572
                 260;              3577708
                 261;              3542912
                 262;              3388628
                 263;              3595464
                 264;              3421804
                 265;              3811076
                 266;              3426568
                 267;              3440348
                 268;              3391420
                 269;              3383184
                 270;              3451308
                 271;              3358404
                 272;              3496712
                 273;              3421640
                 274;              3469388
                 275;              3418976
                 276;              3530712
                 277;              3378808
                 278;              3386748
                 279;              3613692
                 280;              3389000
                 281;              3568144
                 282;              3390812
                 283;              3436544
                 284;              3607324
                 285;              3424584
                 286;              3540052
                 287;              3393236
                 288;              3566648
                 289;              3389456
                 290;              3388388
                 291;              3571492
                 292;              3391488
                 293;              3513156
                 294;              3388664
                 295;              3412356
                 296;              3464388
                 297;              3356912
                 298;              3494544
                 299;              8174240
                 300;              3458336
                 301;              3397052
                 302;              3612844
                 303;              3389292
                 304;              3425648
                 305;              3554452
                 306;              3397072
                 307;              3559240
                 308;              3391888
                 309;              3638972
                 310;              3423516
                 311;              3476876
                 312;              4106368
                 313;              3492864
                 314;              8017180
                 315;              3408172
                 316;              3420352
                 317;              3538984
                 318;              3378436
                 319;              3522568
                 320;              8431192
                 321;              3445384
                 322;              6185920
                 323;              3343024
                 324;              3349868
                 325;              3518232
                 326;              3410764
                 327;              3538496
                 328;              3381176
                 329;              3552560
                 330;              3389220
                 331;              3382568
                 332;              3520064
                 333;              3379260
                 334;              3684808
                 335;              3352420
                 336;              3546268
                 337;              3507500
                 338;              3423384
                 339;              4517188
                 340;              8912620
                 341;              3423024
                 342;              3595900
                 343;              3423332
                 344;              3515168
                 345;              3384800
                 346;              3749236
                 347;              5015232
                 348;              3557856
                 349;              3541620
                 350;              3415640
                 351;              3583816
                 352;              3378524
                 353;              3557272
                 354;              3355060
                 355;              3379828
                 356;              3547848
                 357;              3367632
                 358;              3523624
                 359;              3422952
