                   0;              9190920
                   1;              2910124
                   2;              2905848
                   3;              2904092
                   4;              2897180
                   5;              2899176
                   6;              2899784
                   7;              2902916
                   8;              2890160
                   9;              2898188
                  10;              2899448
                  11;              2900224
                  12;              2865680
                  13;              2870008
                  14;              2871664
                  15;              2869720
                  16;              2868360
                  17;              2870320
                  18;              2871808
                  19;              2870604
                  20;              2904836
                  21;              2898188
                  22;              2867052
                  23;              2903092
                  24;              2941068
                  25;              2900980
                  26;              2924560
                  27;              2903036
                  28;              2900076
                  29;              2903384
                  30;              2905704
                  31;              2897632
                  32;              2905692
                  33;              2900108
                  34;              2903024
                  35;              2907640
                  36;              2907500
                  37;              8389168
                  38;              2868436
                  39;              2876600
                  40;              2874144
                  41;              2873756
                  42;              2876332
                  43;              2869076
                  44;              2897500
                  45;              2903304
                  46;              2904852
                  47;              8366440
                  48;              2875056
                  49;              2874812
                  50;              2874388
                  51;              2871352
                  52;              2893504
                  53;              2928036
                  54;              2895716
                  55;              2904724
                  56;              2899856
                  57;              2902348
                  58;              2905980
                  59;              2907768
                  60;              2902624
                  61;              3046500
                  62;              2906324
                  63;              2900996
                  64;              2903284
                  65;              2909348
                  66;              2872604
                  67;              2873184
                  68;              2905328
                  69;              2906116
                  70;              2903812
                  71;              2903672
                  72;              2908536
                  73;              2905276
                  74;              2909064
                  75;              2900668
                  76;              2873600
                  77;              2866724
                  78;              2875436
                  79;              2873068
                  80;              2875460
                  81;              2871488
                  82;              2869312
                  83;              2901300
                  84;              2895036
                  85;              2876920
                  86;              2870264
                  87;              2875480
                  88;              2872960
                  89;              2872100
                  90;              2876356
                  91;              2872172
                  92;              2904256
                  93;              2875332
                  94;              2870956
                  95;              2871008
                  96;              2872356
                  97;              2874784
                  98;              2867688
                  99;              2875288
                 100;              2912108
                 101;              2941920
                 102;              2905468
                 103;              2904072
                 104;              2902320
                 105;              2903272
                 106;              2906612
                 107;              2902588
                 108;              2900744
                 109;              2903044
                 110;              2910148
                 111;              2883652
                 112;              2900904
                 113;              2895204
                 114;              2895204
                 115;              2902348
                 116;              2907808
                 117;              2907004
                 118;              2899924
                 119;              2905916
                 120;              2878672
                 121;              2874380
                 122;              2870352
                 123;              2874744
                 124;              2872932
                 125;              2904076
                 126;              2900160
                 127;              2901364
                 128;              2901356
                 129;              2900932
                 130;              2900264
                 131;              2902472
                 132;              2872880
                 133;              2876652
                 134;              2873664
                 135;              2869952
                 136;              2869892
                 137;              2871588
                 138;              2871372
                 139;              2872580
                 140;              2874704
                 141;              2909072
                 142;              2936336
                 143;              2905796
                 144;              2899868
                 145;              2932204
                 146;              2906000
                 147;              2903188
                 148;              2902448
                 149;              2898932
                 150;              2904524
                 151;              2902904
                 152;              2909040
                 153;              2869168
                 154;              2898952
                 155;              2903252
                 156;              2905816
                 157;              2905280
                 158;              2906456
                 159;              2911192
                 160;              2901760
                 161;              2901412
                 162;              2872420
                 163;              2869856
                 164;              2874800
                 165;              2872108
                 166;              2870300
                 167;              2871560
                 168;              2904772
                 169;              2898492
                 170;              2901224
                 171;              2871212
                 172;              2873512
                 173;              2871160
                 174;              2872152
                 175;              2869992
                 176;              2869392
                 177;              2869468
                 178;              2876636
                 179;              2868396
                 180;              2873048
                 181;              2870928
                 182;              2871420
                 183;              2873780
                 184;              2867416
                 185;              2911464
                 186;              2904164
                 187;              2901180
                 188;              2897180
                 189;              2903328
                 190;              2902916
                 191;              2906360
                 192;              2900168
                 193;              7760584
                 194;              2875788
                 195;              3567360
                 196;              2868872
                 197;              2864192
                 198;              2871684
                 199;              2889984
                 200;              2876328
                 201;              2869772
                 202;              2871408
                 203;              2926316
                 204;              2937396
                 205;              2910160
                 206;              2908592
                 207;              2905568
                 208;              2933220
                 209;              2902516
                 210;              2899824
                 211;              2898644
                 212;              2899588
                 213;              2905300
                 214;              2901796
                 215;              2902252
                 216;              2910072
                 217;              2900312
                 218;              2907816
                 219;              2902168
                 220;              2902112
                 221;              2901920
                 222;              2901084
                 223;              2900412
                 224;              2902104
                 225;              2899464
                 226;              2871272
                 227;              2869636
                 228;              2873740
                 229;              2867628
                 230;              2899604
                 231;              2898804
                 232;              2896104
                 233;              2873712
                 234;              2870680
                 235;              2875592
                 236;              2872736
                 237;              2869816
                 238;              2871744
                 239;              2874624
                 240;              2869592
                 241;              2872892
                 242;              2862856
                 243;              2861952
                 244;              2873376
                 245;              2873676
                 246;              2871632
                 247;              2899244
                 248;              2907012
                 249;              2906560
                 250;              2907056
                 251;              3079144
                 252;              3130024
                 253;              2901868
                 254;              2886552
                 255;              2895208
                 256;              2896272
                 257;              2895224
                 258;              2889568
                 259;              2888864
                 260;              2901656
                 261;              2894456
                 262;              2891888
                 263;              2912448
                 264;              7207176
                 265;              2965740
                 266;              2966876
                 267;              2889940
                 268;              2922888
                 269;              2901668
                 270;              3076232
                 271;              2893656
                 272;              2864180
                 273;              2911160
                 274;              2869316
                 275;              2860208
                 276;              2910160
                 277;              2890336
                 278;              2955396
                 279;              2901860
                 280;              2891488
                 281;              2979548
                 282;              2901932
                 283;              2933124
                 284;              2991504
                 285;              2908664
                 286;              2888432
                 287;              3728724
                 288;              2888868
                 289;              2917424
                 290;              2904660
                 291;              3034268
                 292;              2895784
                 293;              2900248
                 294;              2957464
                 295;              2891020
                 296;              2891408
                 297;              2955256
                 298;              2870208
                 299;              2862464
                 300;              3263208
                 301;              2845492
                 302;              2863520
                 303;              2846020
                 304;              3009792
                 305;              2884492
                 306;              2889640
                 307;              2901340
                 308;              2871208
                 309;              2922224
                 310;              2877292
                 311;              2845456
                 312;              2904120
                 313;              2898452
                 314;              2895044
                 315;              2898688
                 316;              2888972
                 317;              2890976
                 318;              2899408
                 319;              2893032
                 320;              2916528
                 321;              2871232
                 322;              2867180
                 323;              2956288
                 324;              2874232
                 325;              2873096
                 326;              4056016
                 327;              2859100
                 328;              2878968
                 329;              2956152
                 330;              2890776
                 331;              2882488
                 332;              2907520
                 333;              2883068
                 334;              2893720
                 335;              2911808
                 336;              2868508
                 337;              7696152
                 338;              2905616
                 339;              2891616
                 340;              2839020
                 341;              2957428
                 342;              2989884
                 343;              3002040
                 344;              3360320
                 345;              2907548
                 346;              2911624
                 347;              2895732
                 348;              2892108
                 349;              3029208
                 350;              2879372
                 351;              2887832
                 352;              3035024
                 353;              2874868
                 354;              7869140
                 355;              2923788
                 356;              2899320
                 357;              2993260
                 358;              2898860
                 359;              2890896
