                   0;              7909340
                   1;              4207916
                   2;              2904584
                   3;              2907248
                   4;              2907276
                   5;              2910260
                   6;              2903448
                   7;              2905284
                   8;              2906464
                   9;              2903372
                  10;              2908864
                  11;              2906804
                  12;              2904052
                  13;              2900212
                  14;              2898032
                  15;              2895496
                  16;              2945060
                  17;              2936608
                  18;              2913708
                  19;              2944252
                  20;              2921724
                  21;              2907152
                  22;              2895552
                  23;              2897068
                  24;              2908712
                  25;              2912668
                  26;              2915004
                  27;              2911652
                  28;              2914296
                  29;              2914252
                  30;              2919296
                  31;              2915140
                  32;              2902132
                  33;              2902096
                  34;              2904004
                  35;              2899384
                  36;              2904068
                  37;              2905652
                  38;              2902708
                  39;              2940316
                  40;              2937876
                  41;              2938340
                  42;              2937824
                  43;              2938416
                  44;              2943140
                  45;              2894164
                  46;              2909760
                  47;              2905304
                  48;              2909676
                  49;              2905148
                  50;              3498188
                  51;              2907828
                  52;              2910408
                  53;              2975276
                  54;              2964524
                  55;              2942296
                  56;              2940788
                  57;              2939904
                  58;              2937712
                  59;              2938120
                  60;              2896384
                  61;              2903060
                  62;              2899944
                  63;              2908856
                  64;              2906244
                  65;              2912096
                  66;              2905864
                  67;              2906668
                  68;              2910220
                  69;              2905612
                  70;              2902392
                  71;              2910340
                  72;              2905948
                  73;              2911380
                  74;              2902360
                  75;              2942452
                  76;              2942308
                  77;              2943500
                  78;              2941388
                  79;              2941292
                  80;              2946636
                  81;              2944004
                  82;              2899376
                  83;              2905740
                  84;              2910724
                  85;              2908132
                  86;              2904544
                  87;              2910704
                  88;              2902584
                  89;              2903336
                  90;              2906292
                  91;              2906184
                  92;              2909252
                  93;              2905732
                  94;              2908308
                  95;              2907464
                  96;              2904288
                  97;              2941008
                  98;              2941120
                  99;              2935260
                 100;              2938756
                 101;              2935644
                 102;              2937248
                 103;              2937892
                 104;              2888040
                 105;              2905324
                 106;              2910608
                 107;              2903324
                 108;              2906028
                 109;              2899496
                 110;              2906640
                 111;              2908380
                 112;              2904028
                 113;              2906116
                 114;              2903152
                 115;              2904124
                 116;              2902796
                 117;              2905196
                 118;              2904316
                 119;              2901856
                 120;              2874272
                 121;              2937656
                 122;              2929412
                 123;              3010028
                 124;              2935012
                 125;              2940116
                 126;              2936952
                 127;              2884552
                 128;              2891640
                 129;              2908332
                 130;              2912628
                 131;              2906328
                 132;              2904408
                 133;              2909908
                 134;              2905708
                 135;              2907168
                 136;              2905848
                 137;              2902496
                 138;              2904796
                 139;              2909816
                 140;              2907488
                 141;              2911536
                 142;              2906380
                 143;              2903712
                 144;              2941304
                 145;              2943556
                 146;              2940956
                 147;              2938772
                 148;              2945168
                 149;              2946180
                 150;              2895280
                 151;              2907772
                 152;              2912204
                 153;              2904912
                 154;              2904532
                 155;              2903156
                 156;              2906000
                 157;              2907380
                 158;              2906880
                 159;              2904344
                 160;              2908216
                 161;              2906068
                 162;              2904424
                 163;              2903836
                 164;              2900600
                 165;              2906580
                 166;              2944408
                 167;              3119352
                 168;              2936552
                 169;              2939708
                 170;              2942212
                 171;              2941228
                 172;              2896608
                 173;              2898188
                 174;              2909904
                 175;              2906940
                 176;              2907728
                 177;              2909644
                 178;              2908000
                 179;              2909248
                 180;              2908996
                 181;              2908288
                 182;              2903920
                 183;              2904328
                 184;              2906976
                 185;              2906516
                 186;              2899556
                 187;              2902060
                 188;              2987892
                 189;              2934324
                 190;              7125236
                 191;              2913728
                 192;              2907932
                 193;              3727292
                 194;              2906528
                 195;              2873592
                 196;              2879108
                 197;              2914160
                 198;              2918720
                 199;              2926376
                 200;              2915844
                 201;              2962304
                 202;              2943144
                 203;              2952096
                 204;              2887060
                 205;              2900712
                 206;              2917164
                 207;              2901968
                 208;              2912112
                 209;              2902312
                 210;              2900636
                 211;              2907848
                 212;              2901280
                 213;              2903960
                 214;              2905152
                 215;              2911360
                 216;              2900456
                 217;              2901024
                 218;              2945456
                 219;              2941860
                 220;              2945172
                 221;              2939556
                 222;              2915328
                 223;              2909700
                 224;              2937652
                 225;              2889396
                 226;              2902188
                 227;              2906788
                 228;              2906788
                 229;              2899976
                 230;              2909024
                 231;              2904376
                 232;              2909352
                 233;              2899872
                 234;              2910708
                 235;              2906552
                 236;              2905700
                 237;              2906596
                 238;              2905964
                 239;              2908516
                 240;              2912836
                 241;              2940300
                 242;              2938156
                 243;              2948032
                 244;              2945048
                 245;              2940056
                 246;              2896992
                 247;              2907420
                 248;              2916152
                 249;              2903040
                 250;              2903704
                 251;              3124204
                 252;              3076712
                 253;              2837144
                 254;              3032896
                 255;              2893928
                 256;              2892344
                 257;              2947412
                 258;              2913908
                 259;              2906824
                 260;              3138296
                 261;              2976948
                 262;              2950992
                 263;              2898828
                 264;              2994852
                 265;              7866480
                 266;              3029224
                 267;              3037628
                 268;              2889984
                 269;              2949040
                 270;              3041656
                 271;              2898800
                 272;              2910736
                 273;              3002656
                 274;              2876340
                 275;              2989548
                 276;              2907584
                 277;              3003004
                 278;              2895340
                 279;              2906644
                 280;              3002192
                 281;              2902336
                 282;              2986908
                 283;              2928272
                 284;              2933176
                 285;              2961504
                 286;              2931072
                 287;              2887344
                 288;              2900644
                 289;              3038652
                 290;              2910260
                 291;              3019116
                 292;              2916168
                 293;              2918468
                 294;              3007480
                 295;              2900048
                 296;              2912536
                 297;              3018044
                 298;              2911376
                 299;              3006552
                 300;              2899036
                 301;              2916956
                 302;              5196140
                 303;              2888832
                 304;              2906196
                 305;              2974012
                 306;              2907700
                 307;              2905196
                 308;              2892652
                 309;              2906448
                 310;              2905292
                 311;              2893932
                 312;              2911636
                 313;              2944052
                 314;              2940888
                 315;              2988576
                 316;              2891148
                 317;              2898648
                 318;              2950236
                 319;              2901048
                 320;              3028688
                 321;              2872016
                 322;              2904004
                 323;              3007156
                 324;              2902400
                 325;              2909932
                 326;              3007340
                 327;              2904196
                 328;              2956004
                 329;              2869360
                 330;              2836280
                 331;              2874664
                 332;              3343980
                 333;              2911324
                 334;              2975416
                 335;              7773712
                 336;              2968116
                 337;              3039560
                 338;              2966044
                 339;              3068216
                 340;              2935552
                 341;              2894904
                 342;              2900532
                 343;              2896416
                 344;              2900812
                 345;              7771796
                 346;              2882652
                 347;              2900300
                 348;              2972520
                 349;              2937644
                 350;              2904056
                 351;              3013104
                 352;              8656732
                 353;              3038268
                 354;              2951000
                 355;              3086168
                 356;              2880988
                 357;              2901656
                 358;              2960712
                 359;              2907856
