                   0;              8120520
                   1;              3068772
                   2;              3059260
                   3;              3062492
                   4;              3063548
                   5;              3063796
                   6;              3060556
                   7;              3128840
                   8;              3238364
                   9;              3127740
                  10;              3064004
                  11;              3092904
                  12;              3064956
                  13;              3087776
                  14;              3056756
                  15;              3057872
                  16;              3063608
                  17;              3057576
                  18;              3060284
                  19;              3062460
                  20;              3063676
                  21;              3063680
                  22;              3030244
                  23;              3053172
                  24;              3058448
                  25;              3060392
                  26;              3030240
                  27;              3062920
                  28;              3905900
                  29;              3088044
                  30;              3091432
                  31;              3095792
                  32;              3057028
                  33;              3059404
                  34;              3193484
                  35;              3061972
                  36;              3066496
                  37;              3065960
                  38;              3069340
                  39;              3070052
                  40;              3062584
                  41;              3061956
                  42;              3059748
                  43;              3057288
                  44;              3061620
                  45;              3058224
                  46;              3551756
                  47;              7926472
                  48;              3031760
                  49;              3027812
                  50;              3191644
                  51;              3086860
                  52;              3176776
                  53;              3096868
                  54;              3092912
                  55;              3070924
                  56;              3087008
                  57;              3055824
                  58;              3051004
                  59;              3061576
                  60;              3058248
                  61;              3057496
                  62;              3055980
                  63;              3056536
                  64;              3058040
                  65;              3057092
                  66;              3033408
                  67;              3028096
                  68;              3029060
                  69;              3032184
                  70;              3028380
                  71;              3027392
                  72;              3028804
                  73;              3090140
                  74;              3057996
                  75;              3056320
                  76;              3065012
                  77;              3091364
                  78;              3066668
                  79;              3065096
                  80;              3065564
                  81;              3034412
                  82;              3059220
                  83;              3066632
                  84;              3057412
                  85;              3054360
                  86;              3060168
                  87;              3058860
                  88;              3058780
                  89;              3062852
                  90;              3058164
                  91;              3035948
                  92;              3055696
                  93;              3065196
                  94;              3059072
                  95;              3058828
                  96;              3094824
                  97;              3094620
                  98;              3065784
                  99;              3091048
                 100;              3062844
                 101;              3096192
                 102;              3097112
                 103;              3055764
                 104;              3057500
                 105;              3064176
                 106;              3059316
                 107;              3052356
                 108;              3061148
                 109;              3058896
                 110;              3059020
                 111;              3059568
                 112;              3061436
                 113;              3054460
                 114;              3056116
                 115;              3054676
                 116;              3054344
                 117;              3058616
                 118;              3097480
                 119;              3098040
                 120;              3091832
                 121;              3061540
                 122;              3067216
                 123;              3062744
                 124;              3060432
                 125;              3060152
                 126;              3022748
                 127;              3049896
                 128;              3056700
                 129;              3057536
                 130;              3059440
                 131;              3058800
                 132;              3058020
                 133;              3056628
                 134;              3053984
                 135;              3030856
                 136;              3033596
                 137;              3060156
                 138;              3058796
                 139;              3035800
                 140;              3026960
                 141;              3031212
                 142;              3067632
                 143;              3069020
                 144;              3058684
                 145;              3058368
                 146;              3050728
                 147;              3046288
                 148;              3095588
                 149;              3093128
                 150;              3053200
                 151;              3060356
                 152;              3065228
                 153;              3055976
                 154;              3059364
                 155;              3054024
                 156;              3061184
                 157;              3055520
                 158;              3059736
                 159;              3028644
                 160;              3030392
                 161;              3026556
                 162;              3026332
                 163;              3027224
                 164;              3028628
                 165;              3051420
                 166;              3093664
                 167;              3093040
                 168;              3064444
                 169;              3061620
                 170;              3060456
                 171;              3062276
                 172;              3098756
                 173;              3094760
                 174;              3052364
                 175;              3062152
                 176;              3071824
                 177;              3061748
                 178;              3062100
                 179;              3061560
                 180;              3057480
                 181;              3066616
                 182;              3062208
                 183;              3033956
                 184;              3062408
                 185;              3057228
                 186;              3057924
                 187;              3060944
                 188;              3054076
                 189;              8635764
                 190;              3745160
                 191;              3057492
                 192;              3056204
                 193;              3034032
                 194;              3069964
                 195;              3026400
                 196;              3030168
                 197;              3100496
                 198;              3062984
                 199;              3081864
                 200;              3059148
                 201;              3061676
                 202;              3058936
                 203;              3063656
                 204;              3069828
                 205;              3027352
                 206;              3065504
                 207;              3059232
                 208;              3051476
                 209;              3055988
                 210;              3050684
                 211;              3050868
                 212;              3052368
                 213;              3052892
                 214;              3029508
                 215;              3026836
                 216;              3027244
                 217;              3026584
                 218;              3021104
                 219;              3016404
                 220;              3025940
                 221;              3031376
                 222;              3057924
                 223;              3058936
                 224;              3061864
                 225;              3056420
                 226;              3063816
                 227;              3056392
                 228;              3057868
                 229;              3059552
                 230;              3027144
                 231;              3058128
                 232;              3050240
                 233;              3058376
                 234;              3057612
                 235;              3053220
                 236;              3052796
                 237;              3058012
                 238;              3052724
                 239;              3025200
                 240;              3027344
                 241;              3023040
                 242;              3024848
                 243;              3029192
                 244;              3023176
                 245;              3026748
                 246;              3026048
                 247;              3031584
                 248;              3058900
                 249;              3058768
                 250;              3056292
                 251;              3488416
                 252;              3505964
                 253;              3058320
                 254;              3259832
                 255;              3040808
                 256;              3046980
                 257;              3262824
                 258;              3048240
                 259;              3086360
                 260;              3699572
                 261;              3044476
                 262;              3050016
                 263;              3290640
                 264;              9190548
                 265;              3051648
                 266;              3059960
                 267;              3220488
                 268;              3086692
                 269;              3300252
                 270;              3079652
                 271;              3080080
                 272;              3307732
                 273;              3080916
                 274;              3042208
                 275;              3048764
                 276;              3214360
                 277;              3148588
                 278;              3052304
                 279;              3195468
                 280;              3048468
                 281;              3204528
                 282;              3275552
                 283;              3030272
                 284;              3227156
                 285;              3023484
                 286;              3086992
                 287;              3913736
                 288;              3819316
                 289;              3027172
                 290;              3253680
                 291;              3051612
                 292;              3225208
                 293;              3053004
                 294;              3045788
                 295;              3221672
                 296;              3042432
                 297;              3045616
                 298;              3211864
                 299;              3047912
                 300;              3085468
                 301;              3229912
                 302;              3081012
                 303;              3032940
                 304;              3084480
                 305;              3215452
                 306;              3085980
                 307;              3064340
                 308;              3197416
                 309;              3050560
                 310;              3212496
                 311;              3051596
                 312;              3045000
                 313;              3205748
                 314;              3043132
                 315;              3172516
                 316;              3185728
                 317;              3049440
                 318;              3228028
                 319;              3063280
                 320;              3056136
                 321;              3209584
                 322;              3038664
                 323;              3211896
                 324;              3053528
                 325;              3045716
                 326;              3201496
                 327;              3047092
                 328;              4635908
                 329;              3177236
                 330;              7411628
                 331;              3049408
                 332;              7853516
                 333;              3147220
                 334;              3189284
                 335;              3243048
                 336;              3277392
                 337;              3039020
                 338;              3049628
                 339;              3235576
                 340;              3052952
                 341;              3287696
                 342;              3033016
                 343;              3018624
                 344;              3189736
                 345;              3016744
                 346;              3222296
                 347;              3035384
                 348;              3024796
                 349;              3248840
                 350;              3062184
                 351;              3047400
                 352;              4442872
                 353;              6865584
                 354;              3026040
                 355;              3043688
                 356;              3206248
                 357;              3065336
                 358;              3243776
                 359;              3038876
