                   0;              4482124
                   1;              3079824
                   2;              3158024
                   3;              3054352
                   4;              2999108
                   5;              3005624
                   6;              3002956
                   7;              3001656
                   8;              2998424
                   9;              3000672
                  10;              3019448
                  11;              3068752
                  12;              3054316
                  13;              3051360
                  14;              3004924
                  15;              3009444
                  16;              3004992
                  17;              3000588
                  18;              2998580
                  19;              3002712
                  20;              3019992
                  21;              3071088
                  22;              3057200
                  23;              3051152
                  24;              3002956
                  25;              3005320
                  26;              3003764
                  27;              2998712
                  28;              3008960
                  29;              3008312
                  30;              3018040
                  31;              3057980
                  32;              3049616
                  33;              3054132
                  34;              3005720
                  35;              3000784
                  36;              2989612
                  37;              3002816
                  38;              3009404
                  39;              3008796
                  40;              3009332
                  41;              3066868
                  42;              3065460
                  43;              3071016
                  44;              3006964
                  45;              3005256
                  46;              3001508
                  47;              3006724
                  48;              3008568
                  49;              3003364
                  50;              3008552
                  51;              3062580
                  52;              3058412
                  53;              3056780
                  54;              3160736
                  55;              3054064
                  56;              2998324
                  57;              3004860
                  58;              2998724
                  59;              3146000
                  60;              3008836
                  61;              3012140
                  62;              2997780
                  63;              3082500
                  64;              3073572
                  65;              3050996
                  66;              3000348
                  67;              3004876
                  68;              3005344
                  69;              2999484
                  70;              3003236
                  71;              3002104
                  72;              3027204
                  73;              3061520
                  74;              3064008
                  75;              3049312
                  76;              3000704
                  77;              2998448
                  78;              3005424
                  79;              3002268
                  80;              2998044
                  81;              3004576
                  82;              3004008
                  83;              3049948
                  84;              3053824
                  85;              3044668
                  86;              3003544
                  87;              3004304
                  88;              3003028
                  89;              3002980
                  90;              2998556
                  91;              3013768
                  92;              3042088
                  93;              3058124
                  94;              3059740
                  95;              3056412
                  96;              2991364
                  97;              3001720
                  98;              3005248
                  99;              3001060
                 100;              3006564
                 101;              3020876
                 102;              3052776
                 103;              3065336
                 104;              3055684
                 105;              3063376
                 106;              2998180
                 107;              2999004
                 108;              3002300
                 109;              3005056
                 110;              2998308
                 111;              3014236
                 112;              3063948
                 113;              3052808
                 114;              3072188
                 115;              3005672
                 116;              3000432
                 117;              2999380
                 118;              3004772
                 119;              3008100
                 120;              2994776
                 121;              3011852
                 122;              3065632
                 123;              3070264
                 124;              3054084
                 125;              2993008
                 126;              3005484
                 127;              3000060
                 128;              3002776
                 129;              3006060
                 130;              3009660
                 131;              3008544
                 132;              3068104
                 133;              3052304
                 134;              3045240
                 135;              2999684
                 136;              2993216
                 137;              3002240
                 138;              2999020
                 139;              3002500
                 140;              3019136
                 141;              3066208
                 142;              3059236
                 143;              3056960
                 144;              2998524
                 145;              3000988
                 146;              3006436
                 147;              2998280
                 148;              3002288
                 149;              3008360
                 150;              3008244
                 151;              3064412
                 152;              3057768
                 153;              3047860
                 154;              3000152
                 155;              3003152
                 156;              2998772
                 157;              3001536
                 158;              3006152
                 159;              3015072
                 160;              3059896
                 161;              3059960
                 162;              3049440
                 163;              2995844
                 164;              3004688
                 165;              3004284
                 166;              3009632
                 167;              2994796
                 168;              2995692
                 169;              3015544
                 170;              3058792
                 171;              3053020
                 172;              3051932
                 173;              3005476
                 174;              3008588
                 175;              2995732
                 176;              3004964
                 177;              2999656
                 178;              3012516
                 179;              3002120
                 180;              3066028
                 181;              3057216
                 182;              3047080
                 183;              3004064
                 184;              3001088
                 185;              3002400
                 186;              3000192
                 187;              3006376
                 188;              3016308
                 189;              3058400
                 190;              3057760
                 191;              3061536
                 192;              3000232
                 193;              3006180
                 194;              2999540
                 195;              3001636
                 196;              3006700
                 197;              2997608
                 198;              3014980
                 199;              3069240
                 200;              3064296
                 201;              3053008
                 202;              3005580
                 203;              2990232
                 204;              2998364
                 205;              3008188
                 206;              3006904
                 207;              3009400
                 208;              3015648
                 209;              3060468
                 210;              3063128
                 211;              3051836
                 212;              2998508
                 213;              3003912
                 214;              3000480
                 215;              3001172
                 216;              3000428
                 217;              3011200
                 218;              3058040
                 219;              3062872
                 220;              3058532
                 221;              3000236
                 222;              3053520
                 223;              2999820
                 224;              3000732
                 225;              3007352
                 226;              3130988
                 227;              3029304
                 228;              3006264
                 229;              3035112
                 230;              3096180
                 231;              3067636
                 232;              3074856
                 233;              3006760
                 234;              3009964
                 235;              2999884
                 236;              3003504
                 237;              2996044
                 238;              3008972
                 239;              3020472
                 240;              3007316
                 241;              3076244
                 242;              3075860
                 243;              3069228
                 244;              3007432
                 245;              2993084
                 246;              2999804
                 247;              3005752
                 248;              2997144
                 249;              2999444
                 250;              3007864
                 251;              3181968
                 252;              3127164
                 253;              3133812
                 254;              3115596
                 255;              3003084
                 256;              3061720
                 257;              3004444
                 258;              3042076
                 259;              3004300
                 260;              3128964
                 261;              3077548
                 262;              3063412
                 263;              3072092
                 264;              3050780
                 265;              2998780
                 266;              3004828
                 267;              3092656
                 268;              3074520
                 269;              3010244
                 270;              3031932
                 271;              3011416
                 272;              3021544
                 273;              3110532
                 274;              3131988
                 275;              3112220
                 276;              3002020
                 277;              2999592
                 278;              3189608
                 279;              3011384
                 280;              3030976
                 281;              3052092
                 282;              3006012
                 283;              3044472
                 284;              3082592
                 285;              3137572
                 286;              3043940
                 287;              3034908
                 288;              3005920
                 289;              3021764
                 290;              3006156
                 291;              3087352
                 292;              3072880
                 293;              3012184
                 294;              3020752
                 295;              3063312
                 296;              3055676
                 297;              3053564
                 298;              3064940
                 299;              3072296
                 300;              3011528
                 301;              3279752
                 302;              3047240
                 303;              3013304
                 304;              3000100
                 305;              3013204
                 306;              3066436
                 307;              3075456
                 308;              3050996
                 309;              3017604
                 310;              3030396
                 311;              3002328
                 312;              3035204
                 313;              3003936
                 314;              3043940
                 315;              3011700
                 316;              3057764
                 317;              3062752
                 318;              3081836
                 319;              3001188
                 320;              3012808
                 321;              3003612
                 322;              3007196
                 323;              3007896
                 324;              3014064
                 325;              3007556
                 326;              3069452
                 327;              3074424
                 328;              3048460
                 329;              3004952
                 330;              3000300
                 331;              3010260
                 332;              3000500
                 333;              3004636
                 334;              3027584
                 335;              3062516
                 336;              3062996
                 337;              3052236
                 338;              3031280
                 339;              2999944
                 340;              3002176
                 341;              2999720
                 342;              3007380
                 343;              3011180
                 344;              3017628
                 345;              3079668
                 346;              3068028
                 347;              3059964
                 348;              2997788
                 349;              3038064
                 350;              3013080
                 351;              3042264
                 352;              2998428
                 353;              3045468
                 354;              3020884
                 355;              3050488
                 356;              3071512
                 357;              3053940
                 358;              3001180
                 359;              3015620
