                   0;              5220776
                   1;              3794860
                   2;              3958808
                   3;              3798764
                   4;              3824520
                   5;              3796876
                   6;              3787648
                   7;              3741492
                   8;              3745304
                   9;              3747184
                  10;              3745600
                  11;              3743864
                  12;              3740480
                  13;              3747612
                  14;              3745080
                  15;              3745168
                  16;              3747928
                  17;              3752584
                  18;              3748680
                  19;              3740408
                  20;              3789776
                  21;              3783392
                  22;              3785156
                  23;              3786304
                  24;              4016676
                  25;              3963700
                  26;              3799352
                  27;              3785876
                  28;              3785812
                  29;              3787552
                  30;              3788436
                  31;              3745708
                  32;              3743232
                  33;              3741484
                  34;              3742936
                  35;              3749504
                  36;              3745124
                  37;              3745624
                  38;              3744952
                  39;              3747180
                  40;              3744784
                  41;              3748708
                  42;              3754788
                  43;              3756664
                  44;              3750464
                  45;              3785040
                  46;              3780564
                  47;              3778968
                  48;              3785260
                  49;              3783652
                  50;              3786836
                  51;              3784124
                  52;              3789304
                  53;              3748508
                  54;              3745732
                  55;              3744364
                  56;              3749764
                  57;              3739332
                  58;              3741740
                  59;              3742480
                  60;              3746356
                  61;              3749800
                  62;              3746200
                  63;              3755052
                  64;              3746480
                  65;              3744624
                  66;              3787736
                  67;              3785500
                  68;              3783304
                  69;              3778600
                  70;              3781004
                  71;              3874148
                  72;              3792484
                  73;              3785844
                  74;              3740876
                  75;              3744492
                  76;              3743620
                  77;              3749468
                  78;              3744260
                  79;              3745940
                  80;              3749912
                  81;              3746748
                  82;              3744324
                  83;              3749616
                  84;              3746740
                  85;              3741492
                  86;              3747084
                  87;              3781592
                  88;              3782396
                  89;              3782308
                  90;              3786576
                  91;              3783256
                  92;              3786548
                  93;              3788780
                  94;              3785520
                  95;              3747208
                  96;              3741708
                  97;              3742492
                  98;              3743672
                  99;              3742588
                 100;              3743108
                 101;              3746668
                 102;              3745724
                 103;              3748952
                 104;              3743980
                 105;              3753308
                 106;              3748780
                 107;              3742440
                 108;              3785684
                 109;              3791116
                 110;              3786976
                 111;              3781900
                 112;              3789140
                 113;              3788296
                 114;              3785604
                 115;              3745096
                 116;              3743812
                 117;              3743296
                 118;              3744040
                 119;              3747668
                 120;              3744624
                 121;              3746888
                 122;              3747960
                 123;              3743172
                 124;              3745984
                 125;              3751388
                 126;              3752880
                 127;              3741724
                 128;              3782584
                 129;              3780108
                 130;              3784484
                 131;              3783592
                 132;              3793068
                 133;              3783544
                 134;              3782988
                 135;              3799872
                 136;              3748456
                 137;              3740132
                 138;              3745464
                 139;              3741760
                 140;              3741468
                 141;              3748508
                 142;              3749884
                 143;              3742400
                 144;              3747952
                 145;              3755688
                 146;              3752848
                 147;              3744520
                 148;              3784752
                 149;              3784804
                 150;              3784196
                 151;              3781656
                 152;              3779600
                 153;              3787420
                 154;              3803136
                 155;              3788020
                 156;              3749520
                 157;              3744132
                 158;              3745760
                 159;              3745040
                 160;              3748612
                 161;              3743168
                 162;              3745732
                 163;              3745280
                 164;              3748528
                 165;              3751208
                 166;              3752396
                 167;              3756084
                 168;              3742192
                 169;              3780408
                 170;              3782828
                 171;              3780292
                 172;              3780480
                 173;              3788592
                 174;              3781576
                 175;              3790920
                 176;              3745408
                 177;              3742668
                 178;              3742540
                 179;              3745308
                 180;              3752924
                 181;              3910640
                 182;              3761960
                 183;              3754768
                 184;              3755088
                 185;              3748808
                 186;              3748108
                 187;              3749624
                 188;              3754396
                 189;              3749256
                 190;              3751304
                 191;              3743668
                 192;              3749884
                 193;              3745008
                 194;              3744208
                 195;              3749296
                 196;              3747144
                 197;              3748716
                 198;              3751880
                 199;              3747380
                 200;              3794180
                 201;              3793280
                 202;              3791480
                 203;              3794376
                 204;              3788464
                 205;              3794216
                 206;              3796100
                 207;              3791860
                 208;              3795964
                 209;              3741904
                 210;              3747444
                 211;              3741344
                 212;              3746360
                 213;              3743596
                 214;              3749248
                 215;              3753152
                 216;              3746884
                 217;              3745676
                 218;              3753044
                 219;              3751804
                 220;              3753604
                 221;              3752224
                 222;              3778780
                 223;              3789064
                 224;              3786872
                 225;              3784764
                 226;              3781080
                 227;              3788112
                 228;              3801300
                 229;              3792456
                 230;              3787488
                 231;              3748740
                 232;              3740168
                 233;              3746008
                 234;              3748072
                 235;              3744316
                 236;              3752032
                 237;              3744796
                 238;              3753316
                 239;              3742124
                 240;              3745880
                 241;              3743156
                 242;              3747860
                 243;              3751468
                 244;              3783884
                 245;              3780512
                 246;              3785060
                 247;              3792388
                 248;              3786372
                 249;              3785392
                 250;              3908760
                 251;              3900908
                 252;              3850392
                 253;              3821804
                 254;              3800164
                 255;              3818244
                 256;              3834996
                 257;              3835960
                 258;              3751436
                 259;              3747452
                 260;              3842716
                 261;              3821964
                 262;              3771496
                 263;              3747348
                 264;              3839940
                 265;              3791268
                 266;              3757884
                 267;              3755916
                 268;              3782848
                 269;              3815600
                 270;              3757076
                 271;              3765476
                 272;              3823116
                 273;              3833628
                 274;              3752156
                 275;              3817128
                 276;              3827336
                 277;              3734972
                 278;              3794584
                 279;              3858916
                 280;              3882400
                 281;              3829260
                 282;              3995036
                 283;              3884812
                 284;              3845076
                 285;              3786532
                 286;              3823268
                 287;              3879040
                 288;              3862848
                 289;              3805612
                 290;              3824812
                 291;              3876100
                 292;              3784632
                 293;              3754468
                 294;              3780516
                 295;              4022928
                 296;              3830744
                 297;              3751108
                 298;              3851664
                 299;              3832100
                 300;              3753908
                 301;              3745532
                 302;              3852352
                 303;              3831044
                 304;              3753560
                 305;              3771112
                 306;              3818936
                 307;              3860840
                 308;              3748088
                 309;              3856476
                 310;              3839392
                 311;              3765956
                 312;              3767720
                 313;              3756256
                 314;              3848920
                 315;              3824388
                 316;              3739760
                 317;              3778740
                 318;              3860880
                 319;              3860152
                 320;              3778288
                 321;              3870880
                 322;              3834276
                 323;              3846260
                 324;              3778216
                 325;              3811516
                 326;              3800340
                 327;              3837988
                 328;              3818040
                 329;              3752208
                 330;              3870776
                 331;              3788232
                 332;              3810692
                 333;              3842568
                 334;              3826916
                 335;              3752060
                 336;              3753664
                 337;              3836908
                 338;              3794280
                 339;              3832256
                 340;              3786836
                 341;              3783064
                 342;              3763304
                 343;              3759288
                 344;              3749816
                 345;              3785696
                 346;              3794896
                 347;              3746040
                 348;              3772872
                 349;              3794916
                 350;              3801124
                 351;              3754384
                 352;              3753292
                 353;              3750296
                 354;              3832652
                 355;              3772088
                 356;              3762752
                 357;              3884580
                 358;              3768880
                 359;              3778456
