                   0;              3017012
                   1;              3011568
                   2;              2990892
                   3;              3067368
                   4;              4568660
                   5;              3073648
                   6;              3045196
                   7;              2998324
                   8;              2999000
                   9;              2994892
                  10;              2989912
                  11;              2996368
                  12;              2983228
                  13;              3055976
                  14;              3049208
                  15;              2986988
                  16;              2989956
                  17;              2998596
                  18;              2994744
                  19;              2997480
                  20;              2992804
                  21;              3117552
                  22;              3040488
                  23;              2996496
                  24;              2995912
                  25;              2992936
                  26;              2994528
                  27;              2997800
                  28;              2992864
                  29;              3049572
                  30;              3040580
                  31;              3000160
                  32;              2989020
                  33;              2995356
                  34;              2994784
                  35;              2994032
                  36;              3033456
                  37;              3053924
                  38;              3042684
                  39;              2992596
                  40;              2994484
                  41;              2989644
                  42;              2991180
                  43;              2996640
                  44;              3035000
                  45;              3113212
                  46;              3030960
                  47;              2990672
                  48;              2993892
                  49;              2988436
                  50;              2995416
                  51;              2995808
                  52;              3038132
                  53;              3036144
                  54;              2992200
                  55;              2991284
                  56;              3581728
                  57;              3013024
                  58;              3008528
                  59;              3005448
                  60;              2999016
                  61;              2992604
                  62;              3056420
                  63;              3031692
                  64;              2995216
                  65;              3000504
                  66;              2994900
                  67;              2996240
                  68;              2990088
                  69;              2993576
                  70;              3059028
                  71;              3051164
                  72;              2990308
                  73;              2992348
                  74;              2996144
                  75;              2995056
                  76;              3002264
                  77;              3049488
                  78;              3038024
                  79;              3040596
                  80;              3000016
                  81;              2997156
                  82;              2993492
                  83;              2989052
                  84;              2992552
                  85;              3040800
                  86;              3037196
                  87;              2986008
                  88;              2996732
                  89;              2990156
                  90;              2996176
                  91;              3000880
                  92;              3031256
                  93;              3037900
                  94;              3040972
                  95;              2992604
                  96;              2995728
                  97;              2993664
                  98;              2991532
                  99;              2998760
                 100;              3043404
                 101;              3033416
                 102;              3000448
                 103;              2996612
                 104;              2993184
                 105;              2995368
                 106;              2993188
                 107;              2987784
                 108;              3055344
                 109;              3063332
                 110;              2990176
                 111;              2991812
                 112;              2994624
                 113;              2994712
                 114;              2993460
                 115;              3035452
                 116;              3031816
                 117;              3039248
                 118;              2989340
                 119;              2991216
                 120;              2992796
                 121;              2996180
                 122;              2994368
                 123;              3041892
                 124;              3033236
                 125;              2992732
                 126;              2997708
                 127;              2993716
                 128;              2999448
                 129;              2998564
                 130;              3029492
                 131;              3039680
                 132;              3042620
                 133;              2997592
                 134;              2996784
                 135;              2985464
                 136;              2993928
                 137;              2992952
                 138;              3052084
                 139;              3031572
                 140;              2988364
                 141;              2989600
                 142;              2992268
                 143;              2992548
                 144;              2995792
                 145;              3043632
                 146;              3029020
                 147;              3052896
                 148;              2986208
                 149;              2989256
                 150;              2995924
                 151;              2993776
                 152;              2993396
                 153;              3042496
                 154;              3031380
                 155;              2990076
                 156;              2996012
                 157;              2997100
                 158;              2994128
                 159;              2984904
                 160;              3043800
                 161;              3038996
                 162;              3039844
                 163;              2996424
                 164;              2985024
                 165;              2997128
                 166;              2994252
                 167;              2993592
                 168;              3039116
                 169;              3038460
                 170;              2994548
                 171;              2992652
                 172;              2999192
                 173;              2993880
                 174;              2995916
                 175;              3035616
                 176;              3039588
                 177;              3040832
                 178;              2987500
                 179;              2993648
                 180;              2997520
                 181;              2993456
                 182;              2991336
                 183;              3034176
                 184;              3048972
                 185;              2990760
                 186;              2990424
                 187;              2990156
                 188;              2986196
                 189;              2994288
                 190;              2992620
                 191;              3036888
                 192;              3047192
                 193;              2996796
                 194;              2990408
                 195;              3000620
                 196;              2991588
                 197;              2999828
                 198;              3045392
                 199;              3044052
                 200;              3036064
                 201;              2995232
                 202;              3003556
                 203;              2997600
                 204;              2989324
                 205;              2997404
                 206;              3040788
                 207;              3030772
                 208;              2993636
                 209;              2996056
                 210;              2995196
                 211;              2993748
                 212;              2991252
                 213;              3038124
                 214;              3039028
                 215;              3034740
                 216;              2995880
                 217;              2996484
                 218;              2991412
                 219;              2991552
                 220;              2993064
                 221;              3041436
                 222;              3038440
                 223;              2994332
                 224;              3001512
                 225;              2995072
                 226;              2991768
                 227;              2989784
                 228;              3040868
                 229;              3004760
                 230;              3043540
                 231;              3097356
                 232;              3047556
                 233;              2997800
                 234;              2999344
                 235;              3005472
                 236;              3001864
                 237;              2997260
                 238;              3094296
                 239;              3042508
                 240;              2992656
                 241;              2996796
                 242;              2991288
                 243;              2993504
                 244;              2993704
                 245;              3026852
                 246;              3037448
                 247;              3053840
                 248;              2992768
                 249;              2996784
                 250;              2990568
                 251;              3166808
                 252;              3113612
                 253;              3109380
                 254;              3165692
                 255;              3124284
                 256;              3096956
                 257;              2990100
                 258;              3029388
                 259;              3003388
                 260;              3028716
                 261;              3050928
                 262;              3135428
                 263;              3098160
                 264;              3081888
                 265;              3042684
                 266;              3034196
                 267;              3011572
                 268;              3027596
                 269;              2999780
                 270;              3059812
                 271;              3030748
                 272;              3066220
                 273;              3024828
                 274;              3057544
                 275;              3000200
                 276;              3020296
                 277;              3004556
                 278;              3026516
                 279;              3128012
                 280;              3099092
                 281;              3043152
                 282;              3081168
                 283;              3081920
                 284;              3046408
                 285;              3047744
                 286;              3004428
                 287;              3004808
                 288;              3005024
                 289;              3040464
                 290;              3040236
                 291;              3076000
                 292;              3055216
                 293;              3045352
                 294;              3042760
                 295;              3013640
                 296;              3024892
                 297;              3026196
                 298;              3024532
                 299;              3048436
                 300;              3008028
                 301;              2996976
                 302;              2999316
                 303;              3048440
                 304;              3051772
                 305;              3038140
                 306;              3092668
                 307;              3044708
                 308;              3037376
                 309;              3004564
                 310;              2995456
                 311;              3002320
                 312;              3002580
                 313;              3001660
                 314;              3017148
                 315;              3096152
                 316;              3081320
                 317;              3003248
                 318;              3003848
                 319;              3004436
                 320;              3008340
                 321;              3047480
                 322;              3045116
                 323;              3093064
                 324;              3054000
                 325;              3024516
                 326;              2998320
                 327;              3005720
                 328;              3000648
                 329;              3031020
                 330;              3042300
                 331;              3036176
                 332;              3089980
                 333;              3040828
                 334;              3006400
                 335;              3004452
                 336;              3000180
                 337;              3012528
                 338;              3038612
                 339;              3052672
                 340;              3080060
                 341;              3061260
                 342;              3031076
                 343;              3005796
                 344;              3000400
                 345;              3002008
                 346;              3001864
                 347;              3046276
                 348;              3002200
                 349;              3034620
                 350;              3042488
                 351;              3075532
                 352;              3052144
                 353;              3078684
                 354;              3022840
                 355;              3020828
                 356;              3010960
                 357;              3013644
                 358;              3055600
                 359;              3068016
