                   0;              3814152
                   1;              5265860
                   2;              3793524
                   3;              4003932
                   4;              3790696
                   5;              3798524
                   6;              3799408
                   7;              3793360
                   8;              3800756
                   9;              3790092
                  10;              3743804
                  11;              3749068
                  12;              3765516
                  13;              3819652
                  14;              3789816
                  15;              3770180
                  16;              3932112
                  17;              3749040
                  18;              3747716
                  19;              3744348
                  20;              3751612
                  21;              3746544
                  22;              3745272
                  23;              3745488
                  24;              3745724
                  25;              3743116
                  26;              3751808
                  27;              3746580
                  28;              3737136
                  29;              3801244
                  30;              3777596
                  31;              3781988
                  32;              3792464
                  33;              3792088
                  34;              3782516
                  35;              3777996
                  36;              3744096
                  37;              3742716
                  38;              3740452
                  39;              3742500
                  40;              3743572
                  41;              3741500
                  42;              3744924
                  43;              3745456
                  44;              3743156
                  45;              3746768
                  46;              3749492
                  47;              3742472
                  48;              3784504
                  49;              3779252
                  50;              3783260
                  51;              3785880
                  52;              3798848
                  53;              3781144
                  54;              3788184
                  55;              3743324
                  56;              3741700
                  57;              3742748
                  58;              3737820
                  59;              3741412
                  60;              3739492
                  61;              3745072
                  62;              3745664
                  63;              3744332
                  64;              3748512
                  65;              3750216
                  66;              3741972
                  67;              3796716
                  68;              3800256
                  69;              3779236
                  70;              3781900
                  71;              3779176
                  72;              3783508
                  73;              3782360
                  74;              3744616
                  75;              3742872
                  76;              3746200
                  77;              3738624
                  78;              3739956
                  79;              3741256
                  80;              3742284
                  81;              3739556
                  82;              3744736
                  83;              3747164
                  84;              3745896
                  85;              3775996
                  86;              3785628
                  87;              3777096
                  88;              3781228
                  89;              3779068
                  90;              3781468
                  91;              3782792
                  92;              3780708
                  93;              3741688
                  94;              3739736
                  95;              3743176
                  96;              3740304
                  97;              3740832
                  98;              3738268
                  99;              3741724
                 100;              3743284
                 101;              3745456
                 102;              3745912
                 103;              3741000
                 104;              3781736
                 105;              3782336
                 106;              3780176
                 107;              3780004
                 108;              3776808
                 109;              3794732
                 110;              3786788
                 111;              3738336
                 112;              3741768
                 113;              3742536
                 114;              3739248
                 115;              3742852
                 116;              3741256
                 117;              3740384
                 118;              3744452
                 119;              3747060
                 120;              3752812
                 121;              3744648
                 122;              3735064
                 123;              3785364
                 124;              3786532
                 125;              3776996
                 126;              3787360
                 127;              3784244
                 128;              3785432
                 129;              3793916
                 130;              3745044
                 131;              3741464
                 132;              3744664
                 133;              3744248
                 134;              3742488
                 135;              3741888
                 136;              3746012
                 137;              3749864
                 138;              3741192
                 139;              3756200
                 140;              3745748
                 141;              3781320
                 142;              3781984
                 143;              3781768
                 144;              3795408
                 145;              3781728
                 146;              3780132
                 147;              3781960
                 148;              3794596
                 149;              3741968
                 150;              3743568
                 151;              3743256
                 152;              3750816
                 153;              3742116
                 154;              3740232
                 155;              3745932
                 156;              3746068
                 157;              3741792
                 158;              3744948
                 159;              3750120
                 160;              3741300
                 161;              3790980
                 162;              3779304
                 163;              3776140
                 164;              3779412
                 165;              3772056
                 166;              3801488
                 167;              3791692
                 168;              3793252
                 169;              3742252
                 170;              3739276
                 171;              4511020
                 172;              3752104
                 173;              3777068
                 174;              3744656
                 175;              3750188
                 176;              3748156
                 177;              3744912
                 178;              3744984
                 179;              3741268
                 180;              3745284
                 181;              3749680
                 182;              3750620
                 183;              3740444
                 184;              3806168
                 185;              3808420
                 186;              3783588
                 187;              3827296
                 188;              3788840
                 189;              3791716
                 190;              3792836
                 191;              3793800
                 192;              3795704
                 193;              3742832
                 194;              3748572
                 195;              3737884
                 196;              3741352
                 197;              3746164
                 198;              3743312
                 199;              3745496
                 200;              3747204
                 201;              3742080
                 202;              3746360
                 203;              3744584
                 204;              3746988
                 205;              3747440
                 206;              3786108
                 207;              3779452
                 208;              3775120
                 209;              3783812
                 210;              3779152
                 211;              3800124
                 212;              3785792
                 213;              3780308
                 214;              3738036
                 215;              3739076
                 216;              3737048
                 217;              3740988
                 218;              3742128
                 219;              3740544
                 220;              3743132
                 221;              3738084
                 222;              3739756
                 223;              3742740
                 224;              3747008
                 225;              3742704
                 226;              3784436
                 227;              3782364
                 228;              3782812
                 229;              3814448
                 230;              3784488
                 231;              3782088
                 232;              3781052
                 233;              3780956
                 234;              3744760
                 235;              3743492
                 236;              3740516
                 237;              3744980
                 238;              3748496
                 239;              3741188
                 240;              3741860
                 241;              3739132
                 242;              3744108
                 243;              3739372
                 244;              3752696
                 245;              3742572
                 246;              3775260
                 247;              3778780
                 248;              3790348
                 249;              3780144
                 250;              3782792
                 251;              3917460
                 252;              3934688
                 253;              4539628
                 254;              3885552
                 255;              3846160
                 256;              3786308
                 257;              3794428
                 258;              3849512
                 259;              3840532
                 260;              3772372
                 261;              3743780
                 262;              3780436
                 263;              3825240
                 264;              3834784
                 265;              3755696
                 266;              3746944
                 267;              3815740
                 268;              3830156
                 269;              3753716
                 270;              3752580
                 271;              3826112
                 272;              3838484
                 273;              3766124
                 274;              3766712
                 275;              3794380
                 276;              3774208
                 277;              3759332
                 278;              3780324
                 279;              3786388
                 280;              3848956
                 281;              3796288
                 282;              3775796
                 283;              3843780
                 284;              3781624
                 285;              3781832
                 286;              3834292
                 287;              3819708
                 288;              3836320
                 289;              3769428
                 290;              3799036
                 291;              3863360
                 292;              3802768
                 293;              3774772
                 294;              3744680
                 295;              3746572
                 296;              4118916
                 297;              3754552
                 298;              3754412
                 299;              3767032
                 300;              3792920
                 301;              3832716
                 302;              3757180
                 303;              3763356
                 304;              3751212
                 305;              3789384
                 306;              3814460
                 307;              3745640
                 308;              3746684
                 309;              3769176
                 310;              3793536
                 311;              3811332
                 312;              3773312
                 313;              3770860
                 314;              3796608
                 315;              3822684
                 316;              3848140
                 317;              3772812
                 318;              3789728
                 319;              3851884
                 320;              3815560
                 321;              3807768
                 322;              3790260
                 323;              3752792
                 324;              3815036
                 325;              3782724
                 326;              3742664
                 327;              3970988
                 328;              3851928
                 329;              3819332
                 330;              3743804
                 331;              4026928
                 332;              3833752
                 333;              3752400
                 334;              3745500
                 335;              3857136
                 336;              3827076
                 337;              3768756
                 338;              3830464
                 339;              3823628
                 340;              3761680
                 341;              3747952
                 342;              3835920
                 343;              3831684
                 344;              3772196
                 345;              3751164
                 346;              3853868
                 347;              3815408
                 348;              3741908
                 349;              3743708
                 350;              3880000
                 351;              3863532
                 352;              3789656
                 353;              3804236
                 354;              3869332
                 355;              3840048
                 356;              3797156
                 357;              3849732
                 358;              3800476
                 359;              3866892
