                   0;               722672
                   1;               640780
                   2;               607656
                   3;               616616
                   4;               625476
                   5;               612084
                   6;               616416
                   7;               678296
                   8;               613404
                   9;               635592
                  10;               615476
                  11;               615696
                  12;               613908
                  13;               613172
                  14;               610708
                  15;               595472
                  16;               612688
                  17;               615324
                  18;               612228
                  19;               607880
                  20;               609216
                  21;               607796
                  22;               615044
                  23;               606424
                  24;               610256
                  25;               617248
                  26;               609800
                  27;               609496
                  28;               610868
                  29;               609856
                  30;               601412
                  31;               614320
                  32;               611856
                  33;               611168
                  34;               611548
                  35;               595692
                  36;               615652
                  37;               609824
                  38;               613356
                  39;               614972
                  40;               610776
                  41;               612916
                  42;               724640
                  43;               609864
                  44;               611920
                  45;               606096
                  46;               607176
                  47;               610996
                  48;               608900
                  49;               613420
                  50;               606516
                  51;               612224
                  52;               609660
                  53;               608776
                  54;               611264
                  55;               612724
                  56;               608440
                  57;               600444
                  58;               608740
                  59;               615488
                  60;               610792
                  61;               612116
                  62;               596228
                  63;               648972
                  64;               824676
                  65;               665680
                  66;               624528
                  67;               618200
                  68;               621812
                  69;               619824
                  70;               719124
                  71;               623692
                  72;               615608
                  73;               613824
                  74;               617000
                  75;               596576
                  76;               610968
                  77;               613828
                  78;               610748
                  79;               616000
                  80;               607264
                  81;               613284
                  82;               613020
                  83;               608380
                  84;               615476
                  85;               611924
                  86;               608588
                  87;               613080
                  88;               609424
                  89;               612824
                  90;               602092
                  91;               616132
                  92;               613592
                  93;               611464
                  94;               608780
                  95;               596164
                  96;               609944
                  97;               604172
                  98;               670908
                  99;               612748
                 100;               617520
                 101;               609480
                 102;               608540
                 103;               611456
                 104;               609152
                 105;               613456
                 106;               674960
                 107;               610636
                 108;               611532
                 109;               608252
                 110;               610916
                 111;               617540
                 112;               608544
                 113;               609056
                 114;               613748
                 115;               611264
                 116;               613296
                 117;               598604
                 118;               606436
                 119;               651320
                 120;               604092
                 121;               608884
                 122;               591460
                 123;               608288
                 124;               607492
                 125;               609392
                 126;               610004
                 127;               607780
                 128;               608484
                 129;               614076
                 130;               617312
                 131;               608236
                 132;               606812
                 133;               608024
                 134;               611676
                 135;               609952
                 136;               613108
                 137;               614156
                 138;               610064
                 139;               609420
                 140;               605328
                 141;               605756
                 142;               612288
                 143;               612096
                 144;               611712
                 145;               611788
                 146;               613504
                 147;               612744
                 148;               607028
                 149;               589912
                 150;               613608
                 151;               600904
                 152;               612660
                 153;               650640
                 154;               608908
                 155;               611096
                 156;               608864
                 157;               612676
                 158;               602724
                 159;               610476
                 160;               611856
                 161;               610732
                 162;               606996
                 163;               610344
                 164;               606972
                 165;               609264
                 166;               648544
                 167;               609668
                 168;               613572
                 169;               606816
                 170;               609616
                 171;               610420
                 172;               606804
                 173;               612140
                 174;               609724
                 175;               614212
                 176;               593264
                 177;               607440
                 178;               600672
                 179;               650308
                 180;               611648
                 181;               613528
                 182;               610848
                 183;               608636
                 184;               615548
                 185;               604328
                 186;               611600
                 187;               612740
                 188;               609312
                 189;               611396
                 190;               616376
                 191;               610456
                 192;               608480
                 193;               609672
                 194;               612460
                 195;               606444
                 196;               609336
                 197;               612764
                 198;               611192
                 199;               609288
                 200;               644604
                 201;               613076
                 202;               616440
                 203;               589556
                 204;               611900
                 205;               610636
                 206;               609616
                 207;               610272
                 208;               605300
                 209;               611152
                 210;               608612
                 211;               609836
                 212;               596932
                 213;               651156
                 214;               610744
                 215;               610092
                 216;               614496
                 217;               614108
                 218;               613404
                 219;               602128
                 220;               613448
                 221;               611636
                 222;               610104
                 223;               608564
                 224;               611476
                 225;               606020
                 226;               650460
                 227;               610432
                 228;               609536
                 229;               606548
                 230;               597008
                 231;               610584
                 232;               608216
                 233;               610932
                 234;               609876
                 235;               612768
                 236;               617464
                 237;               604648
                 238;               613608
                 239;               603584
                 240;               611588
                 241;               616024
                 242;               608112
                 243;               610032
                 244;               610980
                 245;               611960
                 246;               602712
                 247;               608056
                 248;               608792
                 249;               609120
                 250;               611632
                 251;               622392
                 252;               611216
                 253;               610632
                 254;               610912
                 255;               609372
                 256;               607180
                 257;               598580
                 258;               613948
                 259;               610536
                 260;               687844
                 261;               648480
                 262;               645360
                 263;               674096
                 264;               676464
                 265;               624260
                 266;               651740
                 267;               616200
                 268;               619440
                 269;               619728
                 270;               601780
                 271;               635032
                 272;               614360
                 273;               616240
                 274;               617784
                 275;               630748
                 276;               615544
                 277;               616540
                 278;               616552
                 279;               609280
                 280;               623112
                 281;               617652
                 282;               624160
                 283;               619960
                 284;               621684
                 285;               654764
                 286;               614520
                 287;               616784
                 288;               621688
                 289;               625208
                 290;               663548
                 291;               626764
                 292;               690096
                 293;               614200
                 294;               615556
                 295;               618068
                 296;               656824
                 297;               667004
                 298;               615840
                 299;               611112
                 300;               619460
                 301;               622840
                 302;               617344
                 303;               628620
                 304;               612188
                 305;               614332
                 306;               677056
                 307;               642896
                 308;               630300
                 309;               652852
                 310;               635792
                 311;               618176
                 312;               632668
                 313;               633932
                 314;               620180
                 315;               619708
                 316;               633528
                 317;               613284
                 318;               617952
                 319;               615788
                 320;               640116
                 321;               618632
                 322;               663492
                 323;               619996
                 324;               615320
                 325;               622680
                 326;               615604
                 327;               691512
                 328;               612540
                 329;               637148
                 330;               612160
                 331;               632032
                 332;               620820
                 333;               616360
                 334;               625300
                 335;               668088
                 336;               619300
                 337;               618396
                 338;               646592
                 339;               618804
                 340;               611024
                 341;               654896
                 342;               637004
                 343;               617980
                 344;               621404
                 345;               621284
                 346;               643944
                 347;               617328
                 348;               615712
                 349;               671860
                 350;               676264
                 351;               611512
                 352;               621652
                 353;               682744
                 354;               616404
                 355;               616604
                 356;               618544
                 357;               622392
                 358;               687368
                 359;               617372
