                   0;               680032
                   1;               674612
                   2;               622708
                   3;               609564
                   4;               603476
                   5;               601452
                   6;               604680
                   7;               603784
                   8;               599040
                   9;               604592
                  10;               605696
                  11;               596460
                  12;               604440
                  13;               598620
                  14;               600212
                  15;               602384
                  16;               593592
                  17;               599932
                  18;               599756
                  19;               583132
                  20;               592304
                  21;               597872
                  22;               595564
                  23;               600176
                  24;               596976
                  25;               598932
                  26;               603680
                  27;               596900
                  28;               604804
                  29;               671252
                  30;               603672
                  31;               626584
                  32;               643996
                  33;               594688
                  34;               601868
                  35;               597036
                  36;               601192
                  37;               605332
                  38;               601512
                  39;               600576
                  40;               650256
                  41;               597332
                  42;               601304
                  43;               592488
                  44;               606380
                  45;               599432
                  46;               598744
                  47;               601308
                  48;               645396
                  49;               605944
                  50;               604336
                  51;               599288
                  52;               584836
                  53;               599516
                  54;               597288
                  55;               600892
                  56;               639868
                  57;               600316
                  58;               602804
                  59;               598264
                  60;               589032
                  61;               599472
                  62;               595724
                  63;               600720
                  64;               595168
                  65;               596176
                  66;               598768
                  67;               595656
                  68;               818812
                  69;               645856
                  70;               618464
                  71;               605732
                  72;               598696
                  73;               821996
                  74;               612544
                  75;               647020
                  76;               602736
                  77;               604924
                  78;               601336
                  79;               598700
                  80;               596748
                  81;               597196
                  82;               604872
                  83;               596016
                  84;               596476
                  85;               602576
                  86;               600256
                  87;               601236
                  88;               604464
                  89;               596784
                  90;               602336
                  91;               603088
                  92;               584200
                  93;               596856
                  94;               592904
                  95;               598184
                  96;               598860
                  97;               599836
                  98;               600120
                  99;               587392
                 100;               604840
                 101;               603328
                 102;               601812
                 103;               598004
                 104;               596832
                 105;               600508
                 106;               600940
                 107;               587188
                 108;               604476
                 109;               594704
                 110;               594380
                 111;               603356
                 112;               599256
                 113;               599500
                 114;               596020
                 115;               600300
                 116;               600664
                 117;               601368
                 118;               598792
                 119;               597532
                 120;               599324
                 121;               599404
                 122;               640252
                 123;               598984
                 124;               600852
                 125;               594580
                 126;               584324
                 127;               596992
                 128;               598216
                 129;               600036
                 130;               595148
                 131;               599244
                 132;               604084
                 133;               597332
                 134;               598496
                 135;               593912
                 136;               596312
                 137;               597572
                 138;               597096
                 139;               598660
                 140;               594880
                 141;               590892
                 142;               599132
                 143;               594048
                 144;               596328
                 145;               601268
                 146;               599044
                 147;               596524
                 148;               637740
                 149;               601352
                 150;               600160
                 151;               598564
                 152;               595824
                 153;               586316
                 154;               599484
                 155;               599036
                 156;               592680
                 157;               602604
                 158;               597772
                 159;               597936
                 160;               598428
                 161;               639564
                 162;               598192
                 163;               597800
                 164;               599272
                 165;               597944
                 166;               595840
                 167;               601500
                 168;               589260
                 169;               595140
                 170;               597660
                 171;               598448
                 172;               593416
                 173;               597380
                 174;               681872
                 175;               595064
                 176;               606504
                 177;               601784
                 178;               595844
                 179;               601200
                 180;               586260
                 181;               600296
                 182;               594576
                 183;               600748
                 184;               602768
                 185;               599808
                 186;               600064
                 187;               593532
                 188;               595444
                 189;               601440
                 190;               597780
                 191;               597220
                 192;               602252
                 193;               600204
                 194;               601488
                 195;               635296
                 196;               596824
                 197;               596532
                 198;               596928
                 199;               599100
                 200;               604076
                 201;               598672
                 202;               588452
                 203;               599124
                 204;               599852
                 205;               600904
                 206;               593240
                 207;               583484
                 208;               652208
                 209;               597200
                 210;               600440
                 211;               602280
                 212;               597256
                 213;               601724
                 214;               597952
                 215;               597996
                 216;               598932
                 217;               595564
                 218;               600084
                 219;               600132
                 220;               596516
                 221;               596076
                 222;               595776
                 223;               600904
                 224;               594316
                 225;               596272
                 226;               597904
                 227;               594608
                 228;               597548
                 229;               586692
                 230;               598448
                 231;               600352
                 232;               598364
                 233;               602316
                 234;               580916
                 235;               599772
                 236;               589340
                 237;               595760
                 238;               598604
                 239;               601060
                 240;               600120
                 241;               600136
                 242;               595676
                 243;               597452
                 244;               596784
                 245;               594144
                 246;               598748
                 247;               597288
                 248;               596868
                 249;               598936
                 250;               601468
                 251;               605108
                 252;               663068
                 253;               631724
                 254;               601664
                 255;               616584
                 256;               603664
                 257;               614000
                 258;               605692
                 259;               605464
                 260;               607580
                 261;               610320
                 262;               610412
                 263;               602580
                 264;               599984
                 265;               606444
                 266;               608152
                 267;               602680
                 268;               606000
                 269;               640760
                 270;               628148
                 271;               607928
                 272;               606772
                 273;               611132
                 274;               597284
                 275;               609048
                 276;               599016
                 277;               611488
                 278;               618396
                 279;               606040
                 280;               605484
                 281;               606932
                 282;               609980
                 283;               608652
                 284;               646780
                 285;               603400
                 286;               605956
                 287;               594604
                 288;               648388
                 289;               675120
                 290;               608632
                 291;               603448
                 292;               627416
                 293;               609328
                 294;               605416
                 295;               607952
                 296;               643236
                 297;               606896
                 298;               608856
                 299;               609736
                 300;               632848
                 301;               607916
                 302;               605496
                 303;               607564
                 304;               620924
                 305;               605932
                 306;               610372
                 307;               599984
                 308;               608620
                 309;               650036
                 310;              1503792
                 311;               631984
                 312;               614028
                 313;               790312
                 314;               618976
                 315;               629228
                 316;               613152
                 317;               608824
                 318;               613356
                 319;               613728
                 320;               613040
                 321;               657424
                 322;               598312
                 323;               610536
                 324;               692800
                 325;               627524
                 326;               609048
                 327;               606792
                 328;               664812
                 329;               605348
                 330;               601032
                 331;               607836
                 332;               611812
                 333;               590564
                 334;               608788
                 335;               601728
                 336;               611608
                 337;               624680
                 338;               597388
                 339;               608180
                 340;               603612
                 341;               613044
                 342;               628448
                 343;               602548
                 344;               619512
                 345;               607460
                 346;               607328
                 347;               606012
                 348;               665812
                 349;               624052
                 350;               618048
                 351;               601508
                 352;               605044
                 353;               596248
                 354;               609340
                 355;               600200
                 356;               605820
                 357;               602436
                 358;               609840
                 359;               601236
