                   0;              4291268
                   1;              3402316
                   2;              3391980
                   3;              3392212
                   4;              3390576
                   5;              3387180
                   6;              3453600
                   7;              3424872
                   8;              3421444
                   9;              3411964
                  10;              3384320
                  11;              3392444
                  12;              3391484
                  13;              3385020
                  14;              3381644
                  15;              3382904
                  16;              3384200
                  17;              3385116
                  18;              3472292
                  19;              3416844
                  20;              3422500
                  21;              3393124
                  22;              3398540
                  23;              3357256
                  24;              3396512
                  25;              3390920
                  26;              3392916
                  27;              3395620
                  28;              3391144
                  29;              3399372
                  30;              3390800
                  31;              3427412
                  32;              3384020
                  33;              3389104
                  34;              3393528
                  35;              3392184
                  36;              3353500
                  37;              3399276
                  38;              3390796
                  39;              4415904
                  40;              3395408
                  41;              3429136
                  42;              3454612
                  43;              3456908
                  44;              3428572
                  45;              3382716
                  46;              3383872
                  47;              3392532
                  48;              3388564
                  49;              3376404
                  50;              3395132
                  51;              3388608
                  52;              3391972
                  53;              3435024
                  54;              3433156
                  55;              3430996
                  56;              3399536
                  57;              3394160
                  58;              3359948
                  59;              3394740
                  60;              3397224
                  61;              3399252
                  62;              3386968
                  63;              3385416
                  64;              3391896
                  65;              3394664
                  66;              3397076
                  67;              3395036
                  68;              3394436
                  69;              3387912
                  70;              3388440
                  71;              3350448
                  72;              3392504
                  73;              3389396
                  74;              3378404
                  75;              3393272
                  76;              3388484
                  77;              3384572
                  78;              3382832
                  79;              3358972
                  80;              3400260
                  81;              3394624
                  82;              3386476
                  83;              3389044
                  84;              3391216
                  85;              3352068
                  86;              3391212
                  87;              3385396
                  88;              3388896
                  89;              3384976
                  90;              3388956
                  91;              3373824
                  92;              3379132
                  93;              3391160
                  94;              3401680
                  95;              3389792
                  96;              3400880
                  97;              3391020
                  98;              3392912
                  99;              3360712
                 100;              3394084
                 101;              3387428
                 102;              3386572
                 103;              3380628
                 104;              3384796
                 105;              3390204
                 106;              3390068
                 107;              3385080
                 108;              3386788
                 109;              3391076
                 110;              3391172
                 111;              3390336
                 112;              3364228
                 113;              3388880
                 114;              3391988
                 115;              3388892
                 116;              3384352
                 117;              3392688
                 118;              3378048
                 119;              3391140
                 120;              3387148
                 121;              3399332
                 122;              3394524
                 123;              3568832
                 124;              3403544
                 125;              3353752
                 126;              3386484
                 127;              3387984
                 128;              3398524
                 129;              3382080
                 130;              3393060
                 131;              3389052
                 132;              3383148
                 133;              3388628
                 134;              3390276
                 135;              3388128
                 136;              3394512
                 137;              3390876
                 138;              3393352
                 139;              3356260
                 140;              3394020
                 141;              3391844
                 142;              3388868
                 143;              3386424
                 144;              3383488
                 145;              3391848
                 146;              3384916
                 147;              3386452
                 148;              3391740
                 149;              3384332
                 150;              3391152
                 151;              3392084
                 152;              3363240
                 153;              3398552
                 154;              3382216
                 155;              3383872
                 156;              3388612
                 157;              3382440
                 158;              3390040
                 159;              3386980
                 160;              3387976
                 161;              3384164
                 162;              3397740
                 163;              3382928
                 164;              3393132
                 165;              3387464
                 166;              3351136
                 167;              3535192
                 168;              3384320
                 169;              3386204
                 170;              3420472
                 171;              3391256
                 172;              3392068
                 173;              3385224
                 174;              3422884
                 175;              3428672
                 176;              3388804
                 177;              3395772
                 178;              8445340
                 179;              3363100
                 180;              3673280
                 181;              3425308
                 182;              3390260
                 183;              3419440
                 184;              3387784
                 185;              3387620
                 186;              3390400
                 187;              3382224
                 188;              3387984
                 189;              3380980
                 190;              3390416
                 191;              3385540
                 192;              3381784
                 193;              3392304
                 194;              3393648
                 195;              3388212
                 196;              3396212
                 197;              3366984
                 198;              3351000
                 199;              3358312
                 200;              3360196
                 201;              3385072
                 202;              3388836
                 203;              3357536
                 204;              3388796
                 205;              3347872
                 206;              3391248
                 207;              3421116
                 208;              3419620
                 209;              3389268
                 210;              3383688
                 211;              3356572
                 212;              3396752
                 213;              3401908
                 214;              3390364
                 215;              3381164
                 216;              3388748
                 217;              3390764
                 218;              3377164
                 219;              3420708
                 220;              3389124
                 221;              3389580
                 222;              3430236
                 223;              3424760
                 224;              3361008
                 225;              3395772
                 226;              3390944
                 227;              3393460
                 228;              3384200
                 229;              3384284
                 230;              3385156
                 231;              3386160
                 232;              3418476
                 233;              3384052
                 234;              3387308
                 235;              3386020
                 236;              3382528
                 237;              3354088
                 238;              3386908
                 239;              3393784
                 240;              3394924
                 241;              3385784
                 242;              3383800
                 243;              3385288
                 244;              3384504
                 245;              3386688
                 246;              3395180
                 247;              3389388
                 248;              3381248
                 249;              3387280
                 250;              3371820
                 251;              3391628
                 252;              3615004
                 253;              4070260
                 254;              3351448
                 255;              3368480
                 256;              3542396
                 257;              3384608
                 258;              3455576
                 259;              3718380
                 260;              3382608
                 261;              3334084
                 262;              3609028
                 263;              3566364
                 264;              3352656
                 265;              3562072
                 266;              3381764
                 267;              3901992
                 268;              3386260
                 269;              3631516
                 270;              4364424
                 271;              3351484
                 272;              3629852
                 273;              3883432
                 274;              3484348
                 275;              3381592
                 276;              3575988
                 277;              3372308
                 278;              4224924
                 279;              3602548
                 280;              3668440
                 281;              3361752
                 282;              3359216
                 283;              3469180
                 284;              3355504
                 285;              3517340
                 286;              3362024
                 287;              3376196
                 288;              3391280
                 289;              3528760
                 290;              3394208
                 291;              4411784
                 292;              3547924
                 293;              3476716
                 294;              3387824
                 295;              3522996
                 296;              3383704
                 297;              3486648
                 298;              3381076
                 299;              3413472
                 300;              3496812
                 301;              3404284
                 302;              5116848
                 303;              3365556
                 304;              3515128
                 305;              7637824
                 306;              3570464
                 307;              3346084
                 308;              3554356
                 309;              3377792
                 310;              3351252
                 311;              3479016
                 312;              3362368
                 313;              3445916
                 314;              3375280
                 315;              3379316
                 316;              4615216
                 317;              3429688
                 318;              3517020
                 319;              3626156
                 320;              3520508
                 321;              3352864
                 322;              3480720
                 323;              3361880
                 324;              3529500
                 325;              3382924
                 326;              3396896
                 327;              3496700
                 328;              3387724
                 329;              3456312
                 330;              3368640
                 331;              3522472
                 332;              3349116
                 333;              3361120
                 334;              3509500
                 335;              3367132
                 336;              3585372
                 337;              3599380
                 338;              3454900
                 339;              3350524
                 340;              3537084
                 341;              3363936
                 342;              3529928
                 343;              3384104
                 344;              3476508
                 345;              3470288
                 346;              3384996
                 347;              3497236
                 348;              3389096
                 349;              3539576
                 350;              3379264
                 351;              3633596
                 352;              8385968
                 353;              3368372
                 354;              3380028
                 355;              3477736
                 356;              3362796
                 357;              3457168
                 358;              3357844
                 359;              3400036
