                   0;              8160020
                   1;              5013228
                   2;              3055520
                   3;              3063436
                   4;              3061880
                   5;              3051480
                   6;              3065952
                   7;              3071356
                   8;              3062344
                   9;              3060640
                  10;              3061784
                  11;              3085896
                  12;              3100860
                  13;              3088604
                  14;              3090024
                  15;              3092020
                  16;              3055456
                  17;              3095116
                  18;              3035052
                  19;              3063212
                  20;              3062460
                  21;              3058076
                  22;              3056276
                  23;              3059276
                  24;              3059980
                  25;              3051044
                  26;              3055040
                  27;              3027840
                  28;              3051556
                  29;              3053468
                  30;              3054516
                  31;              3050568
                  32;              3051144
                  33;              3054340
                  34;              3066900
                  35;              3062020
                  36;              3058320
                  37;              3094308
                  38;              3091140
                  39;              8776180
                  40;              3046124
                  41;              3092972
                  42;              3077508
                  43;              3090020
                  44;              3084428
                  45;              3096796
                  46;              3055700
                  47;              3060508
                  48;              3054292
                  49;              3052588
                  50;              3053848
                  51;              3051296
                  52;              3052508
                  53;              3057100
                  54;              3055108
                  55;              3024228
                  56;              3028200
                  57;              3022968
                  58;              3026320
                  59;              3035484
                  60;              3024200
                  61;              3028744
                  62;              3024880
                  63;              3061520
                  64;              3094380
                  65;              3091660
                  66;              3090476
                  67;              3092312
                  68;              3057328
                  69;              3068792
                  70;              3062840
                  71;              3028664
                  72;              3057044
                  73;              3063128
                  74;              3050388
                  75;              3056092
                  76;              3053276
                  77;              3055244
                  78;              3059648
                  79;              3029000
                  80;              3025392
                  81;              3027184
                  82;              3058496
                  83;              3048656
                  84;              3049264
                  85;              3051648
                  86;              3050120
                  87;              3090720
                  88;              3065384
                  89;              3059000
                  90;              3059024
                  91;              3057316
                  92;              3062496
                  93;              3090960
                  94;              3040552
                  95;              3024804
                  96;              3055120
                  97;              3060728
                  98;              3056040
                  99;              3058072
                 100;              3062352
                 101;              3063744
                 102;              3060704
                 103;              3057212
                 104;              3026960
                 105;              3028964
                 106;              3025440
                 107;              3058148
                 108;              3028380
                 109;              3025044
                 110;              3024336
                 111;              3059072
                 112;              3056168
                 113;              3055892
                 114;              3059596
                 115;              3055776
                 116;              3057348
                 117;              3064060
                 118;              3062752
                 119;              3047604
                 120;              3058012
                 121;              3051372
                 122;              3051880
                 123;              3050892
                 124;              3051616
                 125;              3053384
                 126;              3056596
                 127;              3061536
                 128;              3027908
                 129;              3027176
                 130;              3028160
                 131;              3025844
                 132;              3052964
                 133;              3050532
                 134;              3049356
                 135;              3085912
                 136;              3085564
                 137;              3087748
                 138;              3055964
                 139;              3058300
                 140;              3057012
                 141;              3065672
                 142;              3041496
                 143;              3050176
                 144;              3056056
                 145;              3051508
                 146;              3052904
                 147;              3050088
                 148;              3052728
                 149;              3057840
                 150;              3055208
                 151;              3052516
                 152;              3032092
                 153;              3059268
                 154;              3052532
                 155;              3055420
                 156;              3060828
                 157;              3052556
                 158;              3091296
                 159;              3062220
                 160;              3058124
                 161;              3050576
                 162;              3093000
                 163;              3088220
                 164;              3087820
                 165;              3090204
                 166;              3028356
                 167;              3058472
                 168;              3062292
                 169;              3050792
                 170;              3052352
                 171;              3052652
                 172;              3048436
                 173;              3054308
                 174;              3052368
                 175;              3025632
                 176;              3027456
                 177;              3030972
                 178;              3051136
                 179;              3053808
                 180;              3048832
                 181;              3025096
                 182;              3939248
                 183;              3117120
                 184;              3042180
                 185;              3055000
                 186;              3057488
                 187;              3038968
                 188;              3052980
                 189;              3047180
                 190;              3052588
                 191;              3052108
                 192;              3050928
                 193;              3030912
                 194;              3050256
                 195;              3029640
                 196;              3052564
                 197;              3028164
                 198;              3086084
                 199;              3069804
                 200;              3061060
                 201;              3064348
                 202;              3133352
                 203;              3097108
                 204;              3100392
                 205;              3052228
                 206;              3057136
                 207;              3062548
                 208;              3054680
                 209;              3057772
                 210;              3049688
                 211;              3054540
                 212;              3049844
                 213;              3024168
                 214;              3029064
                 215;              3027212
                 216;              3020988
                 217;              3052288
                 218;              3029028
                 219;              3054856
                 220;              3049796
                 221;              3087704
                 222;              3055256
                 223;              3057360
                 224;              3053064
                 225;              3055948
                 226;              3052976
                 227;              3054968
                 228;              3058044
                 229;              3040320
                 230;              3023796
                 231;              3061356
                 232;              3051552
                 233;              3050384
                 234;              3051804
                 235;              3054936
                 236;              3050824
                 237;              3047992
                 238;              3031824
                 239;              3027284
                 240;              3024376
                 241;              3028328
                 242;              3052884
                 243;              3053448
                 244;              3051360
                 245;              3055712
                 246;              3083912
                 247;              3058628
                 248;              3060212
                 249;              3056096
                 250;              3059536
                 251;              3050016
                 252;              3099368
                 253;              3143760
                 254;              3709780
                 255;              4988288
                 256;              3044168
                 257;              3303384
                 258;              3009660
                 259;              3031372
                 260;              3225432
                 261;              3069320
                 262;              3060664
                 263;              3245236
                 264;              3049508
                 265;              3322952
                 266;              3072748
                 267;              3039584
                 268;              3640148
                 269;              8040528
                 270;              3125012
                 271;              3349792
                 272;              3045688
                 273;              3323828
                 274;              3255020
                 275;              3558628
                 276;              3129284
                 277;              3047560
                 278;              3230504
                 279;              3075588
                 280;              3029740
                 281;              3312056
                 282;              3046864
                 283;              3235572
                 284;              3026720
                 285;              3055124
                 286;              3229704
                 287;              3143552
                 288;              3084096
                 289;              3540800
                 290;              3016388
                 291;              3155084
                 292;              3043488
                 293;              3031532
                 294;              3302960
                 295;              3031124
                 296;              3294816
                 297;              3045400
                 298;              3016968
                 299;              3199296
                 300;              3028504
                 301;              3046936
                 302;              3228712
                 303;              3256836
                 304;              3084316
                 305;              3266444
                 306;              8433612
                 307;              3205932
                 308;              6753120
                 309;              3251928
                 310;              3030528
                 311;              3241264
                 312;              3018688
                 313;              3021496
                 314;              3222412
                 315;              3082832
                 316;              3044304
                 317;              3219112
                 318;              7520584
                 319;              3180904
                 320;              3028348
                 321;              3015488
                 322;              3155264
                 323;              7839976
                 324;              3089196
                 325;              3226120
                 326;              3081720
                 327;             10629052
                 328;              3215648
                 329;              3042356
                 330;              3264240
                 331;              3036036
                 332;              3794232
                 333;              3027228
                 334;              3297812
                 335;              3016884
                 336;              3027324
                 337;              3165480
                 338;              3029264
                 339;              3171980
                 340;              3045636
                 341;              3022708
                 342;              3149320
                 343;              3055152
                 344;              3099236
                 345;              3155852
                 346;              3043724
                 347;              3231140
                 348;              3046988
                 349;              3163920
                 350;              3191416
                 351;              3045972
                 352;              3151412
                 353;              9161132
                 354;              3247760
                 355;              3056660
                 356;              3045540
                 357;              3205864
                 358;              3057020
                 359;              3043812
