                   0;              1288324
                   1;               572728
                   2;               513916
                   3;               491764
                   4;               474168
                   5;               481892
                   6;               493612
                   7;               495976
                   8;               489316
                   9;               490972
                  10;               485356
                  11;               484252
                  12;               479528
                  13;               486192
                  14;               514248
                  15;               482104
                  16;               471012
                  17;               484432
                  18;               481836
                  19;               482932
                  20;               470060
                  21;               482292
                  22;               481036
                  23;               524524
                  24;               480692
                  25;               480388
                  26;               466208
                  27;               481284
                  28;               453528
                  29;               459284
                  30;               452792
                  31;               457312
                  32;               442496
                  33;               454416
                  34;               448756
                  35;               453960
                  36;               475780
                  37;               487976
                  38;               483716
                  39;               483180
                  40;               477732
                  41;               478364
                  42;               477444
                  43;               474288
                  44;               486776
                  45;               491324
                  46;               449012
                  47;               440956
                  48;               458332
                  49;               456728
                  50;               487884
                  51;               479244
                  52;               478180
                  53;              1420264
                  54;               570352
                  55;               513300
                  56;               499388
                  57;               494880
                  58;               514928
                  59;               493920
                  60;               464676
                  61;               482732
                  62;               480860
                  63;               481460
                  64;               503536
                  65;               456584
                  66;               485732
                  67;               454976
                  68;               474488
                  69;               488004
                  70;               462436
                  71;               456748
                  72;               456100
                  73;               450720
                  74;               455140
                  75;               447524
                  76;               459084
                  77;               478196
                  78;               479224
                  79;               466996
                  80;               481396
                  81;               483828
                  82;               479312
                  83;               477128
                  84;               481088
                  85;               480508
                  86;               483640
                  87;               465504
                  88;               480948
                  89;               479560
                  90;               483252
                  91;               455668
                  92;               480644
                  93;               457996
                  94;               453984
                  95;               482804
                  96;               479428
                  97;               477908
                  98;               479368
                  99;               481520
                 100;               463076
                 101;               482400
                 102;               472184
                 103;               455140
                 104;               481924
                 105;               459440
                 106;               481084
                 107;               463064
                 108;               460696
                 109;               484100
                 110;               486296
                 111;               485508
                 112;               482976
                 113;               479720
                 114;               475356
                 115;               477412
                 116;               476772
                 117;               498312
                 118;               451200
                 119;               455152
                 120;               452340
                 121;               480372
                 122;               471236
                 123;               488680
                 124;               484048
                 125;               480036
                 126;               476232
                 127;               480924
                 128;               480980
                 129;               470060
                 130;               455988
                 131;               485160
                 132;               487496
                 133;               483020
                 134;               487340
                 135;               483320
                 136;               484680
                 137;               481200
                 138;               475488
                 139;               495000
                 140;               447624
                 141;               450884
                 142;               449860
                 143;               478624
                 144;               458008
                 145;               454456
                 146;               466760
                 147;               458628
                 148;               454232
                 149;               442512
                 150;               452704
                 151;               481156
                 152;               470048
                 153;               482564
                 154;               486344
                 155;               485624
                 156;               478592
                 157;               475660
                 158;               481940
                 159;               478780
                 160;               480872
                 161;               451560
                 162;               450320
                 163;               457288
                 164;               456432
                 165;               459476
                 166;               490768
                 167;               485136
                 168;               487816
                 169;               477660
                 170;               478924
                 171;               480256
                 172;               480280
                 173;               475296
                 174;               493480
                 175;               453344
                 176;               439264
                 177;               454936
                 178;               478144
                 179;               492464
                 180;               489188
                 181;               478840
                 182;               484692
                 183;               484084
                 184;               480124
                 185;               482588
                 186;               476104
                 187;               490668
                 188;               456812
                 189;               453840
                 190;               452180
                 191;               456964
                 192;               455520
                 193;               449448
                 194;               451184
                 195;               482248
                 196;               457644
                 197;               478112
                 198;               459020
                 199;               460236
                 200;               480308
                 201;               485716
                 202;               483320
                 203;               464148
                 204;               477652
                 205;               470244
                 206;               481944
                 207;               480164
                 208;               479180
                 209;               487740
                 210;               457164
                 211;               452244
                 212;               473896
                 213;               483200
                 214;               451116
                 215;               483144
                 216;               483184
                 217;               494012
                 218;               479704
                 219;               479592
                 220;               482296
                 221;               479260
                 222;               474964
                 223;               459372
                 224;               451068
                 225;               455844
                 226;               474592
                 227;               452080
                 228;               448832
                 229;               456844
                 230;               471220
                 231;               454112
                 232;               448192
                 233;               459224
                 234;               452316
                 235;               481580
                 236;               486640
                 237;               487516
                 238;               488864
                 239;               481044
                 240;               476408
                 241;               468168
                 242;               478808
                 243;               474224
                 244;               450940
                 245;               454864
                 246;               458456
                 247;               967240
                 248;               575304
                 249;               524688
                 250;               483152
                 251;               495632
                 252;              5756360
                 253;              2532516
                 254;               485072
                 255;               500556
                 256;               490704
                 257;               497888
                 258;               498564
                 259;               638564
                 260;               477644
                 261;               461832
                 262;               475244
                 263;               467552
                 264;               454032
                 265;               479628
                 266;               480484
                 267;               472916
                 268;               483152
                 269;               465944
                 270;               477920
                 271;               476320
                 272;               472240
                 273;               476372
                 274;               469924
                 275;               470948
                 276;               493044
                 277;               545336
                 278;               495476
                 279;               495108
                 280;               475680
                 281;               482536
                 282;               453824
                 283;               481248
                 284;               476608
                 285;               474408
                 286;               475996
                 287;               479232
                 288;               473912
                 289;               482624
                 290;               472348
                 291;               476784
                 292;               483596
                 293;               467376
                 294;               475268
                 295;               451176
                 296;               481856
                 297;               456872
                 298;               487100
                 299;               474360
                 300;               475008
                 301;               469548
                 302;               470220
                 303;               472188
                 304;               474316
                 305;               470612
                 306;               468364
                 307;               452752
                 308;               485884
                 309;               436780
                 310;               452480
                 311;               454148
                 312;               450552
                 313;               450608
                 314;               452272
                 315;               458744
                 316;               484732
                 317;               487512
                 318;               476924
                 319;               471452
                 320;               470156
                 321;               469460
                 322;               463588
                 323;               470780
                 324;               475228
                 325;               463600
                 326;               447856
                 327;               451784
                 328;               484232
                 329;               481660
                 330;               483380
                 331;               476200
                 332;               471600
                 333;               472524
                 334;               471120
                 335;               458044
                 336;               448740
                 337;               448296
                 338;               437400
                 339;               444792
                 340;               485440
                 341;               440756
                 342;               444508
                 343;               446940
                 344;               446920
                 345;              6715032
                 346;               488780
                 347;               481396
                 348;               485604
                 349;               569408
                 350;               607292
                 351;               565832
                 352;               566744
                 353;               575600
                 354;               617216
                 355;               542400
                 356;               591624
                 357;               558688
                 358;               602428
                 359;               573360
