                   0;              2190032
                   1;               636160
                   2;               626128
                   3;               620120
                   4;               619852
                   5;               619432
                   6;               799852
                   7;               617064
                   8;               616644
                   9;               613428
                  10;               598384
                  11;               620932
                  12;               615020
                  13;               614296
                  14;               663132
                  15;               611504
                  16;               612832
                  17;               608124
                  18;               613232
                  19;               606528
                  20;               608404
                  21;               613268
                  22;               657248
                  23;               607124
                  24;               612796
                  25;               610360
                  26;               609568
                  27;               612876
                  28;               609656
                  29;               614224
                  30;               636216
                  31;               612036
                  32;               614188
                  33;               612372
                  34;               612588
                  35;               615728
                  36;               608016
                  37;               611328
                  38;               609024
                  39;               608972
                  40;               612024
                  41;               611716
                  42;               607544
                  43;               610000
                  44;               610696
                  45;               610040
                  46;               602068
                  47;               611484
                  48;               615840
                  49;               608148
                  50;               594468
                  51;               614376
                  52;               609552
                  53;               611380
                  54;               610628
                  55;               612072
                  56;               615860
                  57;               608624
                  58;               613352
                  59;               654436
                  60;               609188
                  61;               611892
                  62;               605072
                  63;               616444
                  64;               839764
                  65;               718668
                  66;               641576
                  67;               623500
                  68;               621692
                  69;               617260
                  70;               639288
                  71;               616716
                  72;               617628
                  73;               676716
                  74;               608596
                  75;               611720
                  76;               610132
                  77;               613572
                  78;               618076
                  79;               602288
                  80;               617020
                  81;               616864
                  82;               609504
                  83;               599936
                  84;               607876
                  85;               607428
                  86;               605564
                  87;               612088
                  88;               611304
                  89;               611084
                  90;               603016
                  91;               607908
                  92;               612080
                  93;               610360
                  94;               651108
                  95;               608024
                  96;               616336
                  97;               613652
                  98;               609604
                  99;               612324
                 100;               610400
                 101;               611864
                 102;               607676
                 103;               609000
                 104;               616656
                 105;               610536
                 106;               607752
                 107;               609716
                 108;               613200
                 109;               614324
                 110;               593048
                 111;               611080
                 112;               612768
                 113;               604484
                 114;               611032
                 115;               646548
                 116;               613492
                 117;               612968
                 118;               608900
                 119;               605840
                 120;               610316
                 121;               605320
                 122;               610320
                 123;               651288
                 124;               609400
                 125;               606356
                 126;               606912
                 127;               606928
                 128;               614640
                 129;               609876
                 130;               608824
                 131;               607444
                 132;               612068
                 133;               602076
                 134;               606036
                 135;               607456
                 136;               647632
                 137;               593792
                 138;               609492
                 139;               609828
                 140;               601704
                 141;               615352
                 142;               611608
                 143;               611452
                 144;               653180
                 145;               608336
                 146;               615096
                 147;               608820
                 148;               609472
                 149;               612696
                 150;               614392
                 151;               610036
                 152;               614104
                 153;               612884
                 154;               609676
                 155;               610036
                 156;               608644
                 157;               596060
                 158;               608676
                 159;               610124
                 160;               602148
                 161;               607944
                 162;               611128
                 163;               605592
                 164;               610624
                 165;               652360
                 166;               605548
                 167;               603840
                 168;               611400
                 169;               608816
                 170;               613284
                 171;               611044
                 172;               616944
                 173;               649920
                 174;               610636
                 175;               613220
                 176;               609928
                 177;               607444
                 178;               614868
                 179;               606104
                 180;               611884
                 181;               607316
                 182;               612204
                 183;               609076
                 184;               594972
                 185;               614448
                 186;               611228
                 187;               601756
                 188;               611080
                 189;               606728
                 190;               613324
                 191;               614904
                 192;               609056
                 193;               610272
                 194;               643328
                 195;               608456
                 196;               612184
                 197;               610176
                 198;               613720
                 199;               609824
                 200;               608804
                 201;               613076
                 202;               607184
                 203;               607324
                 204;               608696
                 205;               612200
                 206;               610284
                 207;               671100
                 208;               614712
                 209;               620316
                 210;               606288
                 211;               592540
                 212;               610992
                 213;               606520
                 214;               609808
                 215;               607200
                 216;               610956
                 217;               609576
                 218;               606932
                 219;               610660
                 220;               614860
                 221;               598732
                 222;               616532
                 223;               612828
                 224;               610868
                 225;               612060
                 226;               611524
                 227;               609312
                 228;               611692
                 229;               608340
                 230;               613124
                 231;               594420
                 232;               613800
                 233;               607488
                 234;               611404
                 235;               765360
                 236;               646708
                 237;               617812
                 238;               611908
                 239;               616900
                 240;               610072
                 241;               608456
                 242;               605420
                 243;               612372
                 244;               611832
                 245;               607476
                 246;               605216
                 247;               671212
                 248;               608096
                 249;               612424
                 250;               611284
                 251;               613892
                 252;               625892
                 253;               636652
                 254;               647176
                 255;               627836
                 256;               638180
                 257;               625804
                 258;               654700
                 259;               620820
                 260;               619796
                 261;               618204
                 262;               620824
                 263;               623048
                 264;               594404
                 265;               613704
                 266;               613592
                 267;               621396
                 268;               616088
                 269;               615928
                 270;               622552
                 271;               623840
                 272;               643980
                 273;               616216
                 274;               611972
                 275;               619940
                 276;               622804
                 277;               655080
                 278;               613556
                 279;               609444
                 280;               606588
                 281;               604272
                 282;               610496
                 283;               613176
                 284;               594280
                 285;               602528
                 286;               608872
                 287;               611928
                 288;               605516
                 289;               606364
                 290;               658664
                 291;               607476
                 292;               614392
                 293;               605364
                 294;               605684
                 295;               615340
                 296;               605884
                 297;               608740
                 298;               606624
                 299;               615332
                 300;               612812
                 301;               599968
                 302;               609720
                 303;               609508
                 304;               608240
                 305;               823056
                 306;               673508
                 307;               636556
                 308;               630464
                 309;               674440
                 310;               615152
                 311;               627528
                 312;               623692
                 313;               622748
                 314;               615832
                 315;               615360
                 316;               623220
                 317;               606824
                 318;               624144
                 319;               654412
                 320;               669644
                 321;               648824
                 322;               639032
                 323;               611308
                 324;               626244
                 325;               621696
                 326;               612784
                 327;               622096
                 328;               678116
                 329;               625836
                 330;               676004
                 331;               631904
                 332;               618724
                 333;               617512
                 334;               608616
                 335;               617904
                 336;               631460
                 337;               613948
                 338;               615052
                 339;               619692
                 340;               619712
                 341;               621628
                 342;               619812
                 343;               619220
                 344;               623100
                 345;               620316
                 346;               618384
                 347;               650180
                 348;               620020
                 349;               623832
                 350;               640720
                 351;               616456
                 352;               628456
                 353;               623380
                 354;               611996
                 355;               657336
                 356;               620148
                 357;               653216
                 358;               617264
                 359;               619800
