                   0;               683152
                   1;               662412
                   2;               645304
                   3;               605608
                   4;               606272
                   5;               607744
                   6;               591728
                   7;               601064
                   8;              2204428
                   9;               605556
                  10;               598192
                  11;               599636
                  12;               589904
                  13;               600152
                  14;               597196
                  15;               595288
                  16;               603540
                  17;               593600
                  18;               599168
                  19;               587548
                  20;               593372
                  21;               601604
                  22;               591940
                  23;               594992
                  24;               602736
                  25;               595212
                  26;               585468
                  27;               657560
                  28;               595104
                  29;               596400
                  30;               593656
                  31;               595628
                  32;               596368
                  33;               591672
                  34;               596468
                  35;               655012
                  36;               594988
                  37;               595472
                  38;               588496
                  39;               580580
                  40;               601144
                  41;               601808
                  42;               600852
                  43;               596936
                  44;               595068
                  45;               611468
                  46;               589968
                  47;               598500
                  48;               596492
                  49;               596600
                  50;               591288
                  51;               591360
                  52;               596004
                  53;               589424
                  54;               591356
                  55;               598616
                  56;               661076
                  57;               596536
                  58;               596628
                  59;               592464
                  60;               592812
                  61;               593180
                  62;               592756
                  63;               594704
                  64;               590240
                  65;               594744
                  66;               578292
                  67;               858556
                  68;              1358600
                  69;               621860
                  70;               609432
                  71;               598104
                  72;               603384
                  73;               672408
                  74;               601268
                  75;               604488
                  76;               593580
                  77;               598440
                  78;               599272
                  79;               585844
                  80;               598068
                  81;               659472
                  82;               593852
                  83;               596856
                  84;               594428
                  85;               596476
                  86;               590152
                  87;               594144
                  88;               597364
                  89;               595056
                  90;               597436
                  91;               598580
                  92;               577276
                  93;               596092
                  94;               645964
                  95;               595592
                  96;               594740
                  97;               596084
                  98;               593176
                  99;               596844
                 100;               593092
                 101;               592408
                 102;               591616
                 103;               594804
                 104;               597856
                 105;               594988
                 106;               586168
                 107;               635744
                 108;               597076
                 109;               598460
                 110;               595580
                 111;               595916
                 112;               598068
                 113;               581524
                 114;               595340
                 115;               591036
                 116;               595452
                 117;               597332
                 118;               593996
                 119;               579020
                 120;               591792
                 121;               593436
                 122;               591908
                 123;               592156
                 124;               595320
                 125;               597848
                 126;               589388
                 127;               595992
                 128;               593956
                 129;               590628
                 130;               593588
                 131;               591852
                 132;               595440
                 133;               594104
                 134;               590000
                 135;               595204
                 136;               593596
                 137;               593720
                 138;               599040
                 139;               592912
                 140;               584336
                 141;               632820
                 142;               592608
                 143;               594172
                 144;               594012
                 145;               594252
                 146;               584448
                 147;               584984
                 148;               593032
                 149;               591920
                 150;               595876
                 151;               598020
                 152;               595444
                 153;               582648
                 154;               636132
                 155;               592124
                 156;               594988
                 157;               595796
                 158;               598608
                 159;               592048
                 160;               596572
                 161;               595504
                 162;               591968
                 163;               594704
                 164;               595080
                 165;               591204
                 166;               594912
                 167;               632544
                 168;               593208
                 169;               596120
                 170;               595064
                 171;               590656
                 172;               616036
                 173;               595416
                 174;               592228
                 175;               594068
                 176;               594812
                 177;               598216
                 178;               592872
                 179;               597828
                 180;               621624
                 181;               590092
                 182;               596528
                 183;               591888
                 184;               595200
                 185;               598152
                 186;               591504
                 187;               617328
                 188;               597860
                 189;               594872
                 190;               653124
                 191;               652568
                 192;               654080
                 193;               652768
                 194;               643140
                 195;               649640
                 196;               937104
                 197;               763212
                 198;               615320
                 199;               598380
                 200;               601032
                 201;               600896
                 202;               595104
                 203;               594536
                 204;               599932
                 205;               590512
                 206;               588552
                 207;               590700
                 208;               595996
                 209;               597376
                 210;               634292
                 211;               592352
                 212;               600604
                 213;               582744
                 214;               584976
                 215;               597468
                 216;               592264
                 217;               596020
                 218;               589656
                 219;               593616
                 220;               595124
                 221;               618404
                 222;               601092
                 223;               637932
                 224;               597364
                 225;               599984
                 226;               594860
                 227;               592176
                 228;               599752
                 229;               593228
                 230;               591264
                 231;               594564
                 232;               592848
                 233;               594300
                 234;               592932
                 235;               596196
                 236;               632736
                 237;               588868
                 238;               598188
                 239;               594336
                 240;               579896
                 241;               584744
                 242;               595480
                 243;               594660
                 244;               589376
                 245;               593884
                 246;               592340
                 247;               595328
                 248;               589416
                 249;               633624
                 250;               589980
                 251;               606036
                 252;               626024
                 253;               620820
                 254;               612648
                 255;               746000
                 256;               624556
                 257;               602172
                 258;               603948
                 259;               607868
                 260;               635640
                 261;               591088
                 262;               605060
                 263;               604340
                 264;               609096
                 265;               598280
                 266;               601208
                 267;               626264
                 268;               609908
                 269;               604832
                 270;               611876
                 271;               650764
                 272;               600960
                 273;               585572
                 274;               603968
                 275;               609776
                 276;               599464
                 277;               603792
                 278;               602168
                 279;               638336
                 280;               595012
                 281;               608996
                 282;               595436
                 283;               606000
                 284;               605260
                 285;               602228
                 286;               611572
                 287;               597100
                 288;               601012
                 289;               603488
                 290;               607824
                 291;               604352
                 292;               601500
                 293;               590596
                 294;               607628
                 295;               605756
                 296;               602464
                 297;               611524
                 298;               605576
                 299;               605848
                 300;               605416
                 301;               595040
                 302;               601260
                 303;               604220
                 304;               604200
                 305;               607584
                 306;               700132
                 307;               601408
                 308;               697356
                 309;               633600
                 310;               658476
                 311;               608160
                 312;               604500
                 313;               607320
                 314;               627908
                 315;               658484
                 316;               604056
                 317;               597784
                 318;               604392
                 319;               591984
                 320;               666992
                 321;               602984
                 322;               610116
                 323;               658564
                 324;               606248
                 325;               625164
                 326;               598972
                 327;               597100
                 328;               603208
                 329;               652060
                 330;               600996
                 331;               640976
                 332;               617016
                 333;               602856
                 334;               596960
                 335;               604816
                 336;               608064
                 337;               608764
                 338;               599120
                 339;               586228
                 340;               604300
                 341;               611968
                 342;               597936
                 343;               603032
                 344;               639200
                 345;               600512
                 346;               628580
                 347;               607196
                 348;               603468
                 349;               604608
                 350;               607720
                 351;               610680
                 352;               635792
                 353;               599364
                 354;               599184
                 355;               604500
                 356;               608912
                 357;               601916
                 358;               606820
                 359;               607720
