                   0;              5766000
                   1;               542076
                   2;               529136
                   3;               493056
                   4;               478788
                   5;               456052
                   6;               479280
                   7;               472980
                   8;               476744
                   9;               478112
                  10;               474472
                  11;               482148
                  12;               471752
                  13;               474472
                  14;               457280
                  15;               472352
                  16;               477696
                  17;               474240
                  18;               457000
                  19;               454388
                  20;               478204
                  21;               473148
                  22;               473176
                  23;               474480
                  24;               479412
                  25;               479004
                  26;               482552
                  27;               477296
                  28;               476712
                  29;               451784
                  30;               444648
                  31;               450048
                  32;               468996
                  33;               470780
                  34;               468316
                  35;               454840
                  36;               467024
                  37;               472288
                  38;               476824
                  39;               474012
                  40;               471912
                  41;               474364
                  42;               482552
                  43;               475424
                  44;               480308
                  45;               491020
                  46;               449312
                  47;               447408
                  48;               454948
                  49;               474492
                  50;               451264
                  51;               471160
                  52;               451940
                  53;              2031424
                  54;               557648
                  55;               505796
                  56;               486648
                  57;               922860
                  58;               492320
                  59;               476300
                  60;               476884
                  61;               473656
                  62;               474088
                  63;               471184
                  64;               472864
                  65;               486988
                  66;               480168
                  67;               472204
                  68;               469884
                  69;               477888
                  70;               479220
                  71;               451568
                  72;               473788
                  73;               475628
                  74;               510552
                  75;               448328
                  76;               451504
                  77;               471732
                  78;               479732
                  79;               457184
                  80;               450760
                  81;               449416
                  82;               481024
                  83;               480240
                  84;               444504
                  85;               452840
                  86;               450032
                  87;               472716
                  88;               482644
                  89;               480488
                  90;               473172
                  91;               470756
                  92;               480844
                  93;               477812
                  94;               456732
                  95;               469660
                  96;               450540
                  97;               468432
                  98;               473748
                  99;               475924
                 100;               475680
                 101;               476576
                 102;               457876
                 103;               483384
                 104;               481092
                 105;               489020
                 106;               480612
                 107;               478360
                 108;               480096
                 109;               478480
                 110;               476012
                 111;               447848
                 112;               455832
                 113;               449328
                 114;               470784
                 115;               469472
                 116;               447064
                 117;               448520
                 118;               472016
                 119;               479828
                 120;               482312
                 121;               463080
                 122;               463772
                 123;               464572
                 124;               471072
                 125;               471436
                 126;               471296
                 127;               513220
                 128;               469576
                 129;               475592
                 130;               474136
                 131;               457520
                 132;               444808
                 133;               453288
                 134;               451544
                 135;               447176
                 136;               451548
                 137;               447228
                 138;               441452
                 139;               459880
                 140;               508656
                 141;               472972
                 142;               476080
                 143;               475264
                 144;               478948
                 145;               448428
                 146;               447604
                 147;               449196
                 148;               440668
                 149;               465292
                 150;               467980
                 151;               465528
                 152;               473428
                 153;               475312
                 154;               479776
                 155;               476708
                 156;               472056
                 157;               472788
                 158;               474388
                 159;               479472
                 160;               480564
                 161;               467836
                 162;               479044
                 163;               472648
                 164;               460904
                 165;               476436
                 166;               480640
                 167;               474488
                 168;               472480
                 169;               471460
                 170;               478216
                 171;               497524
                 172;               452320
                 173;               447512
                 174;               451344
                 175;               455240
                 176;               444556
                 177;               454300
                 178;               447096
                 179;               477072
                 180;               459068
                 181;               450824
                 182;               452328
                 183;               452180
                 184;               474592
                 185;               451224
                 186;               474348
                 187;               446172
                 188;               476368
                 189;               450736
                 190;               454880
                 191;               445392
                 192;               445328
                 193;               476784
                 194;               478736
                 195;               452784
                 196;               468040
                 197;               471996
                 198;               483160
                 199;               482512
                 200;               482448
                 201;               480672
                 202;               471680
                 203;               469192
                 204;               481356
                 205;               475792
                 206;               471720
                 207;               479784
                 208;               471540
                 209;               476492
                 210;               474292
                 211;               480048
                 212;               478164
                 213;               478292
                 214;               461944
                 215;               490708
                 216;               449056
                 217;               447648
                 218;               435728
                 219;               472784
                 220;               477772
                 221;               480932
                 222;               481232
                 223;               479228
                 224;               472876
                 225;               473548
                 226;               480060
                 227;               475464
                 228;               481240
                 229;               452108
                 230;               446012
                 231;               462768
                 232;               479024
                 233;               477448
                 234;               470436
                 235;               449356
                 236;               475048
                 237;               471752
                 238;               473576
                 239;               453960
                 240;               451416
                 241;               448936
                 242;               482784
                 243;               479088
                 244;               475168
                 245;               456008
                 246;               471152
                 247;              1389808
                 248;               534936
                 249;               493868
                 250;               481764
                 251;               487572
                 252;               510340
                 253;               654820
                 254;               454060
                 255;               490508
                 256;               481532
                 257;               470108
                 258;               481840
                 259;               481100
                 260;               485448
                 261;               484548
                 262;               477952
                 263;               487096
                 264;               465656
                 265;               486564
                 266;               444968
                 267;               485780
                 268;               469276
                 269;               491156
                 270;               478460
                 271;               488556
                 272;               486640
                 273;               484512
                 274;               481256
                 275;               462408
                 276;               492616
                 277;               488724
                 278;               483408
                 279;               479564
                 280;               483352
                 281;               490992
                 282;               463572
                 283;               501752
                 284;               456508
                 285;               458924
                 286;               458920
                 287;               467596
                 288;               459512
                 289;               452160
                 290;               454840
                 291;               463640
                 292;               456488
                 293;               445804
                 294;               450652
                 295;               459572
                 296;               461824
                 297;               488740
                 298;               483912
                 299;               479460
                 300;               475280
                 301;               481040
                 302;               455804
                 303;               482084
                 304;               455644
                 305;               483792
                 306;               453340
                 307;               456136
                 308;               487404
                 309;               475296
                 310;               485048
                 311;               461804
                 312;               484836
                 313;               464976
                 314;               486412
                 315;               481164
                 316;               475876
                 317;               458744
                 318;               448064
                 319;               488908
                 320;               460112
                 321;               479376
                 322;               479880
                 323;               489312
                 324;               456932
                 325;               485800
                 326;               449148
                 327;               447796
                 328;               477616
                 329;               453072
                 330;               475040
                 331;               460552
                 332;               469536
                 333;               455980
                 334;               494196
                 335;               472296
                 336;               437952
                 337;               467116
                 338;               454916
                 339;               472456
                 340;               451548
                 341;               483028
                 342;               456096
                 343;               458212
                 344;               473428
                 345;               455992
                 346;               471208
                 347;               458444
                 348;               474532
                 349;               461776
                 350;               468888
                 351;               478228
                 352;               455912
                 353;               484120
                 354;               459192
                 355;               456692
                 356;               449008
                 357;               459864
                 358;               447364
                 359;               451356
