                   0;              7660164
                   1;              2673972
                   2;              2674172
                   3;              2700900
                   4;              2762324
                   5;              2686016
                   6;              2705244
                   7;              2671312
                   8;              2689836
                   9;              2658916
                  10;              2626992
                  11;              2652868
                  12;              2641408
                  13;              2624660
                  14;              2627256
                  15;              2593144
                  16;              2598144
                  17;              2597864
                  18;              2622732
                  19;              2599496
                  20;              2592588
                  21;              2626700
                  22;              2620468
                  23;              2594336
                  24;              2600096
                  25;              2595500
                  26;              2591980
                  27;              2623700
                  28;              2596104
                  29;              2592076
                  30;              2625472
                  31;              2626340
                  32;              2597644
                  33;              2589812
                  34;              2596520
                  35;              2595996
                  36;              2590552
                  37;              2592820
                  38;              2587384
                  39;              2589104
                  40;              2626440
                  41;              2622060
                  42;              2617940
                  43;              2592980
                  44;              2623476
                  45;              2601264
                  46;              2593052
                  47;              2623896
                  48;              2597536
                  49;              2593728
                  50;              2600248
                  51;              2624152
                  52;              2618168
                  53;              2621820
                  54;              2615304
                  55;              2620676
                  56;              2592452
                  57;              2587588
                  58;              2591520
                  59;              2593964
                  60;              2591476
                  61;              2592744
                  62;              2588784
                  63;              2591380
                  64;              2592896
                  65;              2590488
                  66;              2593572
                  67;              2593588
                  68;              2591500
                  69;              2592068
                  70;              2587072
                  71;              2590588
                  72;              2593276
                  73;              2600000
                  74;              2626048
                  75;              2592832
                  76;              2597296
                  77;              2593636
                  78;              2595876
                  79;              2589344
                  80;              2587696
                  81;              2596716
                  82;              2587768
                  83;              2590780
                  84;              2594180
                  85;              2591096
                  86;              2592908
                  87;              2594460
                  88;              2594672
                  89;              2595380
                  90;              2592224
                  91;              2594324
                  92;              2591020
                  93;              2594396
                  94;              2594092
                  95;              2593436
                  96;              2593044
                  97;              2596220
                  98;              2596420
                  99;              2593944
                 100;              2598440
                 101;              2595756
                 102;              2591956
                 103;              2593896
                 104;              2592360
                 105;              2593564
                 106;              2596244
                 107;              2621172
                 108;              2589020
                 109;              2594644
                 110;              2623116
                 111;              2620036
                 112;              2620528
                 113;              2625008
                 114;              2624620
                 115;              2627960
                 116;              2630500
                 117;              2623368
                 118;              2617432
                 119;              2622660
                 120;              2624780
                 121;              2592260
                 122;              2616472
                 123;              2633484
                 124;              2632864
                 125;              2628480
                 126;              2620764
                 127;              2654080
                 128;              2624756
                 129;              2635332
                 130;              2662800
                 131;              2661348
                 132;              2658024
                 133;              2651464
                 134;              2653184
                 135;              2629264
                 136;              2627284
                 137;              2621476
                 138;              2625632
                 139;              2618460
                 140;              2625176
                 141;              2620012
                 142;              2619388
                 143;              2657112
                 144;              2651716
                 145;              2627388
                 146;              2649904
                 147;              2626452
                 148;              2618188
                 149;              2654664
                 150;              2626868
                 151;              2656392
                 152;              2624408
                 153;              2647724
                 154;              2686560
                 155;              2654488
                 156;              2624444
                 157;              2621720
                 158;              2630652
                 159;              2629068
                 160;              2625400
                 161;              2626680
                 162;              2662584
                 163;              2622320
                 164;              2619140
                 165;              2623296
                 166;              2619800
                 167;              2620048
                 168;              2622492
                 169;              2624148
                 170;              2635128
                 171;              2624144
                 172;              2624848
                 173;              2626908
                 174;              2649412
                 175;              2654512
                 176;              2625088
                 177;              2596420
                 178;              2592924
                 179;              2597776
                 180;              2588948
                 181;              2590132
                 182;              2589956
                 183;              2591080
                 184;              2622676
                 185;              2622004
                 186;              2618588
                 187;              2622580
                 188;              2594424
                 189;              2600800
                 190;              2595020
                 191;              2623112
                 192;              2623328
                 193;              2620052
                 194;              2595332
                 195;              2588728
                 196;              2586832
                 197;              2591824
                 198;              2591864
                 199;              2597048
                 200;              2594952
                 201;              2589764
                 202;              2590096
                 203;              2626220
                 204;              2627780
                 205;              2620872
                 206;              2620420
                 207;              2620548
                 208;              2593800
                 209;              2594228
                 210;              2590652
                 211;              2593560
                 212;              2591656
                 213;              2596148
                 214;              2620500
                 215;              2620964
                 216;              2619456
                 217;              2589788
                 218;              2589964
                 219;              2596372
                 220;              2593312
                 221;              2586836
                 222;              2596796
                 223;              2593804
                 224;              2587844
                 225;              2623060
                 226;              2619296
                 227;              2618384
                 228;              2592856
                 229;              2600636
                 230;              2597380
                 231;              2623204
                 232;              2595292
                 233;              2593000
                 234;              2594840
                 235;              2596552
                 236;              2596064
                 237;              2620480
                 238;              2599380
                 239;              2594308
                 240;              2601200
                 241;              2593344
                 242;              2590004
                 243;              2593564
                 244;              2593984
                 245;              2593380
                 246;              2595388
                 247;              2601616
                 248;              2594440
                 249;              2593724
                 250;              2599160
                 251;              3177748
                 252;              3140208
                 253;              2715772
                 254;              2606872
                 255;              2833768
                 256;              2793556
                 257;              2593564
                 258;              2620776
                 259;              2804200
                 260;              2638680
                 261;              2608656
                 262;              2613592
                 263;              2866728
                 264;              2731160
                 265;              2605416
                 266;              2589252
                 267;              2875968
                 268;              2619492
                 269;              2595412
                 270;              2599368
                 271;              2624644
                 272;              2593484
                 273;              2622236
                 274;              2620084
                 275;              2627240
                 276;              2597836
                 277;              2599140
                 278;              2623424
                 279;              2603424
                 280;              2620308
                 281;              2591108
                 282;              2597236
                 283;              2592612
                 284;              2625888
                 285;              2619140
                 286;              2617576
                 287;              2628692
                 288;              2616360
                 289;              2618144
                 290;              2620824
                 291;              2629448
                 292;              2623928
                 293;              2623792
                 294;              2592616
                 295;              2601268
                 296;              2595440
                 297;              2593984
                 298;              2606456
                 299;              2594968
                 300;              2595100
                 301;              2826384
                 302;              2601456
                 303;              2605828
                 304;              2836764
                 305;              2596200
                 306;              2593788
                 307;              2838824
                 308;              2597500
                 309;              2605800
                 310;              2831876
                 311;              2594024
                 312;              2594808
                 313;              2833636
                 314;              2595932
                 315;              2595040
                 316;              2848984
                 317;              2586876
                 318;              2597120
                 319;              2858856
                 320;              2606872
                 321;              2583060
                 322;              3477688
                 323;              2798708
                 324;              2589956
                 325;              2590844
                 326;              2792420
                 327;              2584780
                 328;              2587196
                 329;              2662156
                 330;              2687776
                 331;              2588184
                 332;              2739984
                 333;              5758288
                 334;              2827936
                 335;              3286180
                 336;              2986800
                 337;              2593592
                 338;              2622856
                 339;              2873724
                 340;              2622328
                 341;              2615596
                 342;              2786748
                 343;              2632444
                 344;              2591948
                 345;              2717872
                 346;              2812008
                 347;              2595548
                 348;              2622360
                 349;              2813016
                 350;              7743092
                 351;              2913988
                 352;              2615832
                 353;              2654384
                 354;              2921512
                 355;              3875488
                 356;              2647580
                 357;              2733028
                 358;              2598276
                 359;              2616456
