                   0;               715192
                   1;               635308
                   2;               614812
                   3;               602768
                   4;               603256
                   5;               603580
                   6;               601824
                   7;               670352
                   8;               602204
                   9;               626192
                  10;               660776
                  11;               599248
                  12;               601488
                  13;               600608
                  14;               601064
                  15;               604212
                  16;               583448
                  17;               604000
                  18;               672168
                  19;               597884
                  20;               606120
                  21;               601160
                  22;               602452
                  23;               602844
                  24;               603100
                  25;               597876
                  26;               599304
                  27;               594612
                  28;               603824
                  29;               599580
                  30;               605772
                  31;               601952
                  32;               596512
                  33;               601884
                  34;               590868
                  35;               598740
                  36;               598436
                  37;               601936
                  38;               596392
                  39;               645520
                  40;               601760
                  41;               596556
                  42;               600828
                  43;               583580
                  44;               596984
                  45;               598528
                  46;               598612
                  47;               600904
                  48;               604820
                  49;               603928
                  50;               603692
                  51;               600600
                  52;               642784
                  53;               601612
                  54;               602168
                  55;               601116
                  56;               600940
                  57;               601552
                  58;               605244
                  59;               603768
                  60;               636552
                  61;               592744
                  62;               598932
                  63;               584824
                  64;               599264
                  65;               601008
                  66;               597428
                  67;               599996
                  68;               597648
                  69;               603024
                  70;               599444
                  71;               598680
                  72;               597272
                  73;               600040
                  74;               601136
                  75;               601336
                  76;               600224
                  77;               592488
                  78;               603684
                  79;               601936
                  80;               596936
                  81;               641500
                  82;               597076
                  83;               603160
                  84;               599748
                  85;               601492
                  86;               602040
                  87;               599272
                  88;               593368
                  89;               597252
                  90;               586132
                  91;               607588
                  92;               596296
                  93;               598232
                  94;               603236
                  95;               596488
                  96;               597136
                  97;               601256
                  98;               596592
                  99;               604176
                 100;               600456
                 101;               601760
                 102;               639828
                 103;               594952
                 104;               600156
                 105;               604260
                 106;               597928
                 107;               605884
                 108;               604804
                 109;               602008
                 110;               599984
                 111;               601664
                 112;               597424
                 113;               597396
                 114;               600848
                 115;               592724
                 116;               600312
                 117;               583828
                 118;               599068
                 119;               599560
                 120;               600236
                 121;               599256
                 122;               592876
                 123;               639692
                 124;               600224
                 125;               601848
                 126;               595408
                 127;               601856
                 128;               602620
                 129;               597388
                 130;               597060
                 131;               598248
                 132;               600328
                 133;               599236
                 134;               602552
                 135;               604884
                 136;               640932
                 137;               599040
                 138;               601996
                 139;               595668
                 140;               599244
                 141;               600040
                 142;               594216
                 143;               595020
                 144;               578396
                 145;               600564
                 146;               598740
                 147;               597320
                 148;               601476
                 149;               635596
                 150;               600980
                 151;               603140
                 152;               600796
                 153;               598104
                 154;               601400
                 155;               597612
                 156;               597992
                 157;               600912
                 158;               597376
                 159;               620416
                 160;               603900
                 161;               599364
                 162;               639664
                 163;               594972
                 164;               597376
                 165;               599064
                 166;               603600
                 167;               602908
                 168;               602348
                 169;               603048
                 170;               597936
                 171;               582176
                 172;               601108
                 173;               600704
                 174;               601600
                 175;               601572
                 176;               594704
                 177;               598248
                 178;               600256
                 179;               598800
                 180;               601692
                 181;               601188
                 182;               602116
                 183;               591792
                 184;               597960
                 185;               598712
                 186;               600604
                 187;               599356
                 188;               600776
                 189;               599948
                 190;               600244
                 191;               599696
                 192;               598016
                 193;               599832
                 194;               599136
                 195;               604464
                 196;               648424
                 197;               596624
                 198;               584468
                 199;               597820
                 200;               599680
                 201;               599420
                 202;               601520
                 203;               599660
                 204;               596688
                 205;               600052
                 206;               596600
                 207;               596472
                 208;               593592
                 209;               654348
                 210;               592784
                 211;               601864
                 212;               599812
                 213;               602208
                 214;               599720
                 215;               599548
                 216;               602564
                 217;               593824
                 218;               598180
                 219;               600332
                 220;               597532
                 221;               601684
                 222;               600216
                 223;               602272
                 224;               603060
                 225;               584860
                 226;               597272
                 227;               601020
                 228;               600312
                 229;               605968
                 230;               641148
                 231;               599088
                 232;               601616
                 233;               592920
                 234;               598132
                 235;               595596
                 236;               599944
                 237;               596396
                 238;               599332
                 239;               599452
                 240;               601252
                 241;               595428
                 242;               598448
                 243;               595156
                 244;               592628
                 245;               599016
                 246;               597680
                 247;               599344
                 248;               602384
                 249;               606268
                 250;               597852
                 251;               655352
                 252;               586984
                 253;               605708
                 254;               595000
                 255;               602020
                 256;               604048
                 257;               599416
                 258;               599692
                 259;               599628
                 260;               613456
                 261;               649600
                 262;               617612
                 263;               622520
                 264;               606176
                 265;               601456
                 266;               611372
                 267;               605816
                 268;               605288
                 269;               614152
                 270;               644620
                 271;               611568
                 272;               612004
                 273;               603700
                 274;               606476
                 275;               608260
                 276;               634572
                 277;               607724
                 278;               670344
                 279;               610136
                 280;               606248
                 281;               615120
                 282;               660504
                 283;               609152
                 284;               605228
                 285;               591732
                 286;               639112
                 287;               611888
                 288;               605316
                 289;               612112
                 290;               617092
                 291;               614524
                 292;               607736
                 293;               605544
                 294;               607724
                 295;               608584
                 296;               613624
                 297;               595656
                 298;               604992
                 299;               611500
                 300;               606568
                 301;               623200
                 302;               604560
                 303;               611400
                 304;               606284
                 305;               597776
                 306;               616372
                 307;               605896
                 308;               606048
                 309;               615124
                 310;               614536
                 311;               600008
                 312;               607472
                 313;               623724
                 314;               606496
                 315;               605984
                 316;               610592
                 317;               603716
                 318;               654592
                 319;               606600
                 320;               604812
                 321;               611332
                 322;               612108
                 323;               617124
                 324;               601840
                 325;               604932
                 326;               611792
                 327;               621624
                 328;               603136
                 329;               606728
                 330;               601904
                 331;               609740
                 332;               624648
                 333;               607824
                 334;               612464
                 335;               612292
                 336;               609180
                 337;               595416
                 338;               588916
                 339;               610700
                 340;               671444
                 341;               606692
                 342;               611476
                 343;               615624
                 344;               611732
                 345;               604516
                 346;               609200
                 347;               607580
                 348;               611500
                 349;               632320
                 350;               608452
                 351;               610172
                 352;               610572
                 353;               616200
                 354;               640992
                 355;               607432
                 356;               648768
                 357;               603652
                 358;               602176
                 359;               607516
