                   0;              5569368
                   1;               578912
                   2;               504948
                   3;               505024
                   4;               476488
                   5;               479312
                   6;               515480
                   7;               487816
                   8;               464340
                   9;               465956
                  10;               479048
                  11;               485196
                  12;               478424
                  13;               475304
                  14;               472056
                  15;               477716
                  16;               480132
                  17;               483964
                  18;               462912
                  19;               483684
                  20;               483416
                  21;               482032
                  22;               479536
                  23;               457192
                  24;               484684
                  25;               478020
                  26;               476496
                  27;               461524
                  28;               481612
                  29;               482040
                  30;               486380
                  31;               470952
                  32;               482112
                  33;               458864
                  34;               483360
                  35;               472712
                  36;               455076
                  37;               477844
                  38;               486244
                  39;               480248
                  40;               477464
                  41;               488044
                  42;               477788
                  43;               481488
                  44;               482488
                  45;               453840
                  46;               486764
                  47;               481552
                  48;               483328
                  49;               481632
                  50;               491056
                  51;               479108
                  52;               475916
                  53;               483840
                  54;               451772
                  55;               488132
                  56;               491320
                  57;               483096
                  58;               450748
                  59;               454676
                  60;               454504
                  61;               459732
                  62;               484904
                  63;               482904
                  64;               486612
                  65;               483532
                  66;               483992
                  67;               478832
                  68;               472936
                  69;               490348
                  70;               484460
                  71;               479800
                  72;               485608
                  73;               481872
                  74;               477164
                  75;               484416
                  76;               479268
                  77;               482256
                  78;               486672
                  79;               481580
                  80;               498156
                  81;               448036
                  82;               455172
                  83;               479828
                  84;               481612
                  85;               478472
                  86;               476860
                  87;               479328
                  88;               484308
                  89;               514100
                  90;               482548
                  91;               453984
                  92;               451828
                  93;               480296
                  94;               480816
                  95;               462860
                  96;               477968
                  97;               477908
                  98;               480612
                  99;               454912
                 100;               487508
                 101;               474788
                 102;               450004
                 103;               479808
                 104;               485876
                 105;               491904
                 106;               487272
                 107;               479512
                 108;               483860
                 109;               482816
                 110;               484812
                 111;               480360
                 112;               450416
                 113;               454848
                 114;               449580
                 115;               483352
                 116;               489220
                 117;               486224
                 118;               493652
                 119;               482040
                 120;               481680
                 121;               482872
                 122;               473312
                 123;               483408
                 124;               458140
                 125;               484948
                 126;               483464
                 127;               488972
                 128;               476268
                 129;               476716
                 130;               484616
                 131;               484840
                 132;               483096
                 133;               485056
                 134;               454100
                 135;               452136
                 136;               456676
                 137;               481832
                 138;               440012
                 139;               450516
                 140;               453720
                 141;               451776
                 142;               479012
                 143;               454552
                 144;               486688
                 145;               457816
                 146;               474736
                 147;               484632
                 148;               482376
                 149;               481744
                 150;               480180
                 151;               474120
                 152;               481960
                 153;               479688
                 154;               479892
                 155;               476044
                 156;               448468
                 157;               486096
                 158;               477008
                 159;               480964
                 160;               448284
                 161;               459592
                 162;               451268
                 163;               454800
                 164;               478316
                 165;               465468
                 166;               472560
                 167;               477688
                 168;               484220
                 169;               485724
                 170;               484260
                 171;               485200
                 172;               487092
                 173;               480176
                 174;               479956
                 175;               485836
                 176;               475760
                 177;               464008
                 178;               447184
                 179;               459764
                 180;               452456
                 181;               477776
                 182;               443880
                 183;               477140
                 184;               480256
                 185;               478712
                 186;               456600
                 187;               452952
                 188;               448020
                 189;               474244
                 190;               480904
                 191;               489068
                 192;               474992
                 193;               472940
                 194;               482108
                 195;               471596
                 196;               481748
                 197;               484136
                 198;               478808
                 199;               467152
                 200;               460624
                 201;               481508
                 202;               483268
                 203;               479436
                 204;               484416
                 205;               471980
                 206;               480000
                 207;               477724
                 208;               500184
                 209;               474220
                 210;               474220
                 211;               478172
                 212;               456456
                 213;               452152
                 214;               453240
                 215;               455716
                 216;               450372
                 217;               453808
                 218;               483872
                 219;               477092
                 220;               470740
                 221;               438696
                 222;               492068
                 223;               490728
                 224;               486228
                 225;               485776
                 226;               476560
                 227;               486532
                 228;               477416
                 229;               487068
                 230;               468588
                 231;               477880
                 232;               484092
                 233;               452140
                 234;               481900
                 235;               441272
                 236;               447960
                 237;               477376
                 238;               473904
                 239;               519872
                 240;               479052
                 241;               479304
                 242;               478400
                 243;               481196
                 244;               483756
                 245;               490232
                 246;               483964
                 247;               482008
                 248;               481624
                 249;               482496
                 250;               485476
                 251;              5333068
                 252;               497988
                 253;               517072
                 254;               495216
                 255;               520380
                 256;               486100
                 257;               476796
                 258;               486524
                 259;               490024
                 260;              1393828
                 261;               478280
                 262;               483684
                 263;               482920
                 264;               483252
                 265;               477704
                 266;               477368
                 267;               482240
                 268;               482776
                 269;               484948
                 270;               489768
                 271;               488820
                 272;               481720
                 273;               474640
                 274;               471988
                 275;               476340
                 276;               483364
                 277;               471072
                 278;               509968
                 279;               455900
                 280;               453788
                 281;               455948
                 282;               468368
                 283;               450424
                 284;               446508
                 285;               449664
                 286;               456984
                 287;               447624
                 288;               451260
                 289;               451868
                 290;               462348
                 291;               485108
                 292;               454724
                 293;               449276
                 294;               447984
                 295;               447300
                 296;               480320
                 297;               480912
                 298;               479020
                 299;               477436
                 300;               475944
                 301;               480452
                 302;               476120
                 303;               472888
                 304;               647068
                 305;               483716
                 306;               504660
                 307;               468152
                 308;               483868
                 309;               485728
                 310;               484064
                 311;               485712
                 312;               480204
                 313;              2476000
                 314;               478376
                 315;               555732
                 316;              4013060
                 317;               478140
                 318;               477424
                 319;               476868
                 320;               485404
                 321;               466792
                 322;               472920
                 323;               475020
                 324;               496460
                 325;               623856
                 326;              5231972
                 327;               495516
                 328;               493228
                 329;               489184
                 330;               642136
                 331;               533172
                 332;              5248232
                 333;               484388
                 334;               483476
                 335;               526176
                 336;               488920
                 337;               488948
                 338;               488340
                 339;               485664
                 340;               488308
                 341;               486328
                 342;               481348
                 343;               487848
                 344;               487316
                 345;               485812
                 346;               442348
                 347;               493256
                 348;               488340
                 349;               521516
                 350;               490324
                 351;               489276
                 352;               479336
                 353;               450680
                 354;               452548
                 355;               468344
                 356;               485592
                 357;               474428
                 358;               488472
                 359;               481088
