                   0;              7730988
                   1;              4634684
                   2;              2617368
                   3;              2623252
                   4;              2621148
                   5;              2622600
                   6;              2622140
                   7;              2627532
                   8;              2620728
                   9;              2619148
                  10;              2620412
                  11;              2587636
                  12;              2616384
                  13;              2623832
                  14;              2623208
                  15;              2620120
                  16;              2590344
                  17;              2617524
                  18;              2614268
                  19;              2619196
                  20;              2618448
                  21;              2620380
                  22;              2622744
                  23;              2623680
                  24;              2618988
                  25;              2619916
                  26;              2618072
                  27;              2616604
                  28;              2606548
                  29;              2615232
                  30;              2621656
                  31;              2622684
                  32;              2618092
                  33;              2623584
                  34;              2619092
                  35;              2619940
                  36;              2626740
                  37;              2615068
                  38;              2618936
                  39;              2618728
                  40;              2621756
                  41;              2617216
                  42;              2621960
                  43;              2616920
                  44;              2596048
                  45;              2583468
                  46;              2603232
                  47;              2590984
                  48;              2596972
                  49;              2617168
                  50;              2618768
                  51;              2622420
                  52;              2618252
                  53;              2615120
                  54;              2617536
                  55;              2616768
                  56;              2620660
                  57;              2621236
                  58;              2625380
                  59;              2597560
                  60;              2621284
                  61;              2621336
                  62;              2624132
                  63;              2597756
                  64;              2622524
                  65;              2602508
                  66;              2618548
                  67;              2591036
                  68;              2596288
                  69;              2615856
                  70;              2622664
                  71;              2594696
                  72;              2596560
                  73;              2599852
                  74;              2594524
                  75;              2621504
                  76;              2592696
                  77;              2598976
                  78;              2595328
                  79;              2595088
                  80;              2595556
                  81;              2596096
                  82;              2599864
                  83;              2593192
                  84;              2598564
                  85;              2594120
                  86;              2592396
                  87;              2630372
                  88;              2599556
                  89;              2596656
                  90;              2595916
                  91;              2632556
                  92;              2627224
                  93;              2628928
                  94;              2626304
                  95;              2629436
                  96;              2631032
                  97;              2629160
                  98;              2627188
                  99;              2620072
                 100;              2621656
                 101;              2630588
                 102;              2627888
                 103;              2626268
                 104;              2623444
                 105;              2625700
                 106;              2635024
                 107;              2630232
                 108;              2579756
                 109;              2612040
                 110;              2655860
                 111;              2654380
                 112;              2658508
                 113;              2657052
                 114;              2672960
                 115;              2661268
                 116;              2631460
                 117;              2633124
                 118;              2629476
                 119;              2628880
                 120;              2620384
                 121;              2629168
                 122;              2680456
                 123;              2632284
                 124;              2626876
                 125;              2624380
                 126;              2630092
                 127;              2655096
                 128;              2658852
                 129;              2628396
                 130;              2699132
                 131;              2659064
                 132;              2632280
                 133;              2624156
                 134;              2622540
                 135;              2626416
                 136;              2628536
                 137;              2623272
                 138;              2678224
                 139;              2629800
                 140;              2659796
                 141;              2650860
                 142;              2652452
                 143;              2624428
                 144;              2622968
                 145;              2626416
                 146;              2630932
                 147;              2657768
                 148;              2655284
                 149;              2622072
                 150;              2634188
                 151;              2630156
                 152;              2630000
                 153;              2661864
                 154;              2651164
                 155;              2628176
                 156;              2628968
                 157;              2658524
                 158;              2658300
                 159;              2630820
                 160;              2626608
                 161;              2627068
                 162;              2600896
                 163;              2619956
                 164;              2625308
                 165;              2592964
                 166;              2591248
                 167;              2625460
                 168;              2598680
                 169;              2600896
                 170;              2595240
                 171;              2594732
                 172;              2591932
                 173;              2594448
                 174;              2591340
                 175;              2596468
                 176;              2599624
                 177;              2620456
                 178;              2619168
                 179;              2602584
                 180;              2620220
                 181;              2598332
                 182;              2595380
                 183;              2593844
                 184;              2599152
                 185;              2600452
                 186;              2599288
                 187;              2620552
                 188;              2620160
                 189;              2625048
                 190;              2620576
                 191;              2594376
                 192;              2595036
                 193;              2594092
                 194;              2597844
                 195;              2596016
                 196;              2590960
                 197;              2593468
                 198;              2620520
                 199;              2619200
                 200;              2628920
                 201;              2621056
                 202;              2622380
                 203;              2622396
                 204;              2624256
                 205;              2595152
                 206;              2594368
                 207;              2596856
                 208;              2600508
                 209;              2599688
                 210;              2599448
                 211;              2597196
                 212;              2593356
                 213;              2599816
                 214;              2598484
                 215;              2598908
                 216;              2595856
                 217;              2593468
                 218;              2597480
                 219;              2596448
                 220;              2597040
                 221;              2599256
                 222;              2595860
                 223;              2595004
                 224;              2594336
                 225;              2589948
                 226;              2619760
                 227;              2592388
                 228;              2602844
                 229;              2596040
                 230;              2597740
                 231;              2598732
                 232;              2596516
                 233;              2596444
                 234;              2593024
                 235;              2590000
                 236;              2600012
                 237;              2600064
                 238;              2599008
                 239;              2597856
                 240;              2599536
                 241;              2596700
                 242;              2599480
                 243;              2596556
                 244;              2598296
                 245;              2594428
                 246;              2592472
                 247;              2598412
                 248;              2594380
                 249;              2597316
                 250;              2595508
                 251;              3127144
                 252;              2943140
                 253;              8010616
                 254;              2607112
                 255;              2622908
                 256;              2825248
                 257;              3950152
                 258;              2610520
                 259;              2820076
                 260;              2595564
                 261;              2612412
                 262;              2564400
                 263;              2804336
                 264;              2619012
                 265;              2611220
                 266;              2863796
                 267;              2770476
                 268;              2885052
                 269;              2618464
                 270;              2619412
                 271;              2711264
                 272;              2582296
                 273;              2622380
                 274;              2890552
                 275;              2594340
                 276;              2617236
                 277;              2879076
                 278;              2581248
                 279;              2595340
                 280;              2866984
                 281;              2601384
                 282;              2608596
                 283;              2672608
                 284;              7492792
                 285;              2826296
                 286;              2657244
                 287;              2626068
                 288;              2965916
                 289;              2615856
                 290;              2622496
                 291;              2849888
                 292;              2622788
                 293;              2625880
                 294;              2855056
                 295;              2629768
                 296;              2610740
                 297;              2619012
                 298;              2790528
                 299;              2620236
                 300;              2623320
                 301;              2799564
                 302;              2647252
                 303;              2605120
                 304;              2721944
                 305;              2709416
                 306;              2611560
                 307;              2778436
                 308;              3576248
                 309;              2622176
                 310;              2784188
                 311;              2592088
                 312;              2608308
                 313;              2747556
                 314;              2573468
                 315;              2590636
                 316;              2818088
                 317;              2772952
                 318;              2612936
                 319;              2615128
                 320;              2590984
                 321;              2868604
                 322;              2624564
                 323;              2619804
                 324;              2766148
                 325;              8205204
                 326;              2592840
                 327;              2590612
                 328;              2722496
                 329;              2586288
                 330;              2591168
                 331;              2591196
                 332;              2588396
                 333;              2706580
                 334;              2605208
                 335;              2595932
                 336;              2702844
                 337;              2590424
                 338;              2601080
                 339;              2849980
                 340;              2587388
                 341;              2594352
                 342;              2718324
                 343;              2588796
                 344;              2593676
                 345;              2843052
                 346;              2594672
                 347;              2589756
                 348;              3213264
                 349;              2676356
                 350;              2596560
                 351;              2734508
                 352;              2597480
                 353;              2605124
                 354;              2864580
                 355;              2628744
                 356;              2624896
                 357;              5145724
                 358;              2610368
                 359;              2800080
