                   0;               663056
                   1;               638332
                   2;               613952
                   3;               603724
                   4;               603592
                   5;               606440
                   6;               605420
                   7;               605400
                   8;               606164
                   9;               601100
                  10;               591596
                  11;               606892
                  12;               600868
                  13;               600348
                  14;               604620
                  15;               603420
                  16;               604160
                  17;               668292
                  18;               603624
                  19;               625696
                  20;               607552
                  21;               604932
                  22;               606076
                  23;               594344
                  24;               613024
                  25;               605156
                  26;               605424
                  27;               604968
                  28;               607728
                  29;               602588
                  30;               604780
                  31;               649764
                  32;               602896
                  33;               589724
                  34;               607752
                  35;               604172
                  36;               610896
                  37;               606884
                  38;               605608
                  39;               654284
                  40;               602836
                  41;               603792
                  42;               606308
                  43;               592656
                  44;               604860
                  45;               600000
                  46;               603276
                  47;               600384
                  48;               598584
                  49;               603092
                  50;               599812
                  51;               604040
                  52;               600588
                  53;               585032
                  54;               604176
                  55;               603720
                  56;               604704
                  57;               607784
                  58;               602316
                  59;               603884
                  60;               641372
                  61;               602868
                  62;               602020
                  63;               605136
                  64;               599864
                  65;               603848
                  66;               601124
                  67;               603612
                  68;               641456
                  69;               601180
                  70;               593632
                  71;               604632
                  72;               599300
                  73;               600136
                  74;               601968
                  75;               602620
                  76;               601732
                  77;               596316
                  78;               604900
                  79;               601240
                  80;               590772
                  81;               600256
                  82;               600840
                  83;               602224
                  84;               603656
                  85;               605384
                  86;               602200
                  87;               597836
                  88;               601216
                  89;               638136
                  90;               608340
                  91;               608048
                  92;               600284
                  93;               601576
                  94;               602612
                  95;               600784
                  96;               602232
                  97;               594636
                  98;               602252
                  99;               603280
                 100;               586268
                 101;               607436
                 102;               610048
                 103;               602236
                 104;               602920
                 105;               604880
                 106;               628024
                 107;               603540
                 108;               598988
                 109;               607548
                 110;               639076
                 111;               609856
                 112;               601756
                 113;               601312
                 114;               599244
                 115;               608940
                 116;               605052
                 117;               603136
                 118;               647168
                 119;               603320
                 120;               603540
                 121;               601200
                 122;               600320
                 123;               601676
                 124;               590136
                 125;               603640
                 126;               599848
                 127;               589884
                 128;               602632
                 129;               603412
                 130;               600108
                 131;               603172
                 132;               603652
                 133;               608376
                 134;               601064
                 135;               600980
                 136;               608732
                 137;               603360
                 138;               605324
                 139;               686100
                 140;               600484
                 141;               606816
                 142;               601852
                 143;               601600
                 144;               607192
                 145;               603244
                 146;               601124
                 147;               591156
                 148;               602564
                 149;               604908
                 150;               603048
                 151;               598764
                 152;               605908
                 153;               607952
                 154;               604048
                 155;               599708
                 156;               604520
                 157;               603460
                 158;               598496
                 159;               606388
                 160;               637900
                 161;               600060
                 162;               599512
                 163;               602080
                 164;               600620
                 165;               604552
                 166;               598776
                 167;               600728
                 168;               647168
                 169;               605744
                 170;               604304
                 171;               602432
                 172;               606564
                 173;               601432
                 174;               584680
                 175;               602164
                 176;               601976
                 177;               603616
                 178;               600776
                 179;               601184
                 180;               606332
                 181;               645264
                 182;               600964
                 183;               603336
                 184;               602696
                 185;               602196
                 186;               604020
                 187;               603896
                 188;               601716
                 189;               647012
                 190;               602400
                 191;               602980
                 192;               603096
                 193;               603524
                 194;               601624
                 195;               602364
                 196;               604036
                 197;               600020
                 198;               601532
                 199;               607104
                 200;               610848
                 201;               587928
                 202;               643640
                 203;               604296
                 204;               606532
                 205;               597284
                 206;               604052
                 207;               601636
                 208;               598480
                 209;               602500
                 210;               638904
                 211;               600132
                 212;               600728
                 213;               603852
                 214;               602880
                 215;               601044
                 216;               602440
                 217;               605784
                 218;               647288
                 219;               602512
                 220;               608516
                 221;               586896
                 222;               603204
                 223;               602872
                 224;               601408
                 225;               605644
                 226;               603528
                 227;               600236
                 228;               604948
                 229;               601096
                 230;               602248
                 231;               650416
                 232;               594524
                 233;               601424
                 234;               599300
                 235;               604728
                 236;               604404
                 237;               600756
                 238;               606772
                 239;               647000
                 240;               604768
                 241;               601368
                 242;               601388
                 243;               600884
                 244;               605240
                 245;               600192
                 246;               609072
                 247;               603264
                 248;               583620
                 249;               605088
                 250;               601324
                 251;               608996
                 252;               625640
                 253;               627244
                 254;               665472
                 255;               612128
                 256;               611752
                 257;               614768
                 258;               645808
                 259;               608584
                 260;               606508
                 261;               593612
                 262;               611088
                 263;               636660
                 264;               622308
                 265;               614560
                 266;               643484
                 267;               611040
                 268;               625012
                 269;               607852
                 270;               608032
                 271;               609408
                 272;               606420
                 273;               603228
                 274;               648072
                 275;               612508
                 276;               610896
                 277;               676520
                 278;               613152
                 279;               606800
                 280;               606044
                 281;               598120
                 282;               617608
                 283;               631004
                 284;               611124
                 285;               608120
                 286;               617812
                 287;               625996
                 288;               606552
                 289;               608944
                 290;               609192
                 291;               612552
                 292;               648044
                 293;               644264
                 294;               599076
                 295;               631816
                 296;               611712
                 297;               614000
                 298;               610124
                 299;               608780
                 300;               614604
                 301;               648436
                 302;               606312
                 303;               610420
                 304;               622656
                 305;               603740
                 306;               608712
                 307;               612376
                 308;               612344
                 309;               662808
                 310;               604036
                 311;               608676
                 312;               605712
                 313;               612792
                 314;               601132
                 315;               612536
                 316;               607160
                 317;               613316
                 318;               629732
                 319;               610764
                 320;               661024
                 321;               610868
                 322;               612092
                 323;               630088
                 324;               608520
                 325;               608764
                 326;               619684
                 327;               605664
                 328;               645252
                 329;               609228
                 330;               614136
                 331;               661252
                 332;               602788
                 333;               611948
                 334;               615156
                 335;               613656
                 336;               654324
                 337;               608976
                 338;               611792
                 339;               616828
                 340;               611116
                 341;               614060
                 342;               605736
                 343;               612312
                 344;               664384
                 345;               620436
                 346;               606976
                 347;               642812
                 348;               607248
                 349;               609552
                 350;               610856
                 351;               619200
                 352;               606200
                 353;               605872
                 354;               603264
                 355;               609760
                 356;               660140
                 357;               607444
                 358;               614544
                 359;               613024
