                   0;              5577072
                   1;               516480
                   2;               567076
                   3;               502404
                   4;               501932
                   5;               487120
                   6;               490860
                   7;               477008
                   8;               470464
                   9;               469232
                  10;               478284
                  11;               475948
                  12;               461756
                  13;               527604
                  14;               492680
                  15;               488976
                  16;               484480
                  17;               472052
                  18;               479856
                  19;               478172
                  20;               467332
                  21;               483192
                  22;               468252
                  23;               481612
                  24;               482708
                  25;               482040
                  26;               480828
                  27;               474808
                  28;               468876
                  29;               476428
                  30;               477128
                  31;               479348
                  32;               485872
                  33;               477176
                  34;               484476
                  35;               477852
                  36;               470856
                  37;               480960
                  38;               477320
                  39;               471888
                  40;               484196
                  41;               476352
                  42;               484152
                  43;               485216
                  44;              6013132
                  45;               469976
                  46;               461328
                  47;               476020
                  48;               464776
                  49;               472320
                  50;               471008
                  51;               473972
                  52;               464100
                  53;               444384
                  54;               471256
                  55;               474996
                  56;               482992
                  57;               478652
                  58;               486532
                  59;               492572
                  60;               479012
                  61;               479768
                  62;               481708
                  63;               484868
                  64;               479512
                  65;               474732
                  66;               443680
                  67;               450460
                  68;               448244
                  69;               475028
                  70;               479972
                  71;               483908
                  72;               482132
                  73;               473800
                  74;               477256
                  75;               483404
                  76;               479496
                  77;               482684
                  78;               449632
                  79;               481016
                  80;               484440
                  81;               469952
                  82;               472744
                  83;               470908
                  84;               476884
                  85;               478720
                  86;               475996
                  87;               475068
                  88;               455936
                  89;               455500
                  90;               457568
                  91;               449208
                  92;               451224
                  93;               445392
                  94;               450604
                  95;               479644
                  96;               477420
                  97;               478348
                  98;               447044
                  99;               447496
                 100;               466160
                 101;               486296
                 102;               481312
                 103;               479592
                 104;               467116
                 105;               471740
                 106;               467848
                 107;               480800
                 108;               464452
                 109;               479400
                 110;               449632
                 111;               468912
                 112;               482600
                 113;               468572
                 114;               447904
                 115;               448792
                 116;               449060
                 117;               450080
                 118;               449752
                 119;               448868
                 120;               443304
                 121;               451260
                 122;               511788
                 123;               471984
                 124;               473796
                 125;               484544
                 126;               449456
                 127;               447348
                 128;               454392
                 129;               445116
                 130;               442720
                 131;               451556
                 132;               446100
                 133;               448192
                 134;               477292
                 135;               455016
                 136;               485380
                 137;               481848
                 138;               467900
                 139;               485700
                 140;               481244
                 141;               478296
                 142;               482176
                 143;               477924
                 144;               486708
                 145;               448312
                 146;               442300
                 147;               452648
                 148;               443216
                 149;               470544
                 150;               482468
                 151;               480972
                 152;               473472
                 153;               469416
                 154;               473868
                 155;               470428
                 156;               474020
                 157;               484868
                 158;               448652
                 159;               441572
                 160;               472256
                 161;               479516
                 162;               467024
                 163;               476964
                 164;               476064
                 165;               469620
                 166;               477392
                 167;               471384
                 168;               455500
                 169;               446104
                 170;               445960
                 171;               483228
                 172;               483984
                 173;               476096
                 174;               476636
                 175;               473676
                 176;               471520
                 177;               482968
                 178;               477780
                 179;               449992
                 180;               449108
                 181;               445672
                 182;               453568
                 183;               449244
                 184;               484640
                 185;               482536
                 186;               484392
                 187;               471340
                 188;               478300
                 189;               463820
                 190;               483232
                 191;               474556
                 192;               488160
                 193;               450332
                 194;               448452
                 195;               471876
                 196;               478096
                 197;               457544
                 198;               454888
                 199;               446368
                 200;               442536
                 201;               447704
                 202;               451308
                 203;               441944
                 204;               445764
                 205;               460812
                 206;               481172
                 207;               482100
                 208;               482560
                 209;               482656
                 210;               475204
                 211;               471512
                 212;               471896
                 213;               473600
                 214;               481960
                 215;               442760
                 216;               461968
                 217;               473808
                 218;               473744
                 219;               446032
                 220;               485544
                 221;               473732
                 222;               478360
                 223;               449664
                 224;               444384
                 225;               471988
                 226;               451512
                 227;               472872
                 228;               476840
                 229;               471696
                 230;               476020
                 231;               480452
                 232;               476128
                 233;               475800
                 234;               473992
                 235;               472496
                 236;               490868
                 237;               449076
                 238;               446304
                 239;               443264
                 240;               470572
                 241;               480832
                 242;               481876
                 243;               465548
                 244;               472028
                 245;               478484
                 246;               477564
                 247;               481404
                 248;               471708
                 249;               461936
                 250;               451424
                 251;               490232
                 252;               572092
                 253;               524312
                 254;               470548
                 255;               455276
                 256;               479292
                 257;               450964
                 258;               487832
                 259;               447728
                 260;               487800
                 261;               453460
                 262;               458176
                 263;               446352
                 264;               452696
                 265;               448392
                 266;               961768
                 267;               858264
                 268;               665520
                 269;               504380
                 270;               490416
                 271;               461480
                 272;               470576
                 273;               445116
                 274;               442128
                 275;               439680
                 276;               434900
                 277;               478652
                 278;               441440
                 279;               478340
                 280;               478816
                 281;               478208
                 282;               473360
                 283;               478732
                 284;               477276
                 285;               489836
                 286;               433400
                 287;               440512
                 288;               443660
                 289;               435208
                 290;               484532
                 291;               444296
                 292;               479112
                 293;               479256
                 294;               472360
                 295;               475680
                 296;               441832
                 297;               441868
                 298;               466968
                 299;               438504
                 300;               437244
                 301;               445240
                 302;               438876
                 303;               477600
                 304;               477568
                 305;               481732
                 306;               479492
                 307;               478740
                 308;               450496
                 309;               480252
                 310;               452696
                 311;               480420
                 312;               442956
                 313;               427152
                 314;               455792
                 315;               446296
                 316;               458696
                 317;               450984
                 318;               467540
                 319;               463316
                 320;               440736
                 321;               450556
                 322;               443304
                 323;               452332
                 324;               445932
                 325;               450236
                 326;               445348
                 327;               469812
                 328;               453820
                 329;               447484
                 330;               454220
                 331;               504376
                 332;              6652680
                 333;               450448
                 334;               529968
                 335;               442196
                 336;               467688
                 337;               444368
                 338;               442208
                 339;               442608
                 340;               484912
                 341;               439728
                 342;               488456
                 343;               446288
                 344;               447576
                 345;               439212
                 346;               447932
                 347;               457928
                 348;               447072
                 349;               464656
                 350;               430856
                 351;               442876
                 352;               442460
                 353;               441172
                 354;               439752
                 355;               440668
                 356;               438628
                 357;               448908
                 358;               442108
                 359;               447472
