                   0;              4341176
                   1;              4312252
                   2;              4316236
                   3;              4314600
                   4;              4313448
                   5;              4314880
                   6;              4310468
                   7;              4313964
                   8;              4321788
                   9;              4320196
                  10;              4320656
                  11;              4316912
                  12;              4390956
                  13;              4378740
                  14;              6006284
                  15;              4376584
                  16;              4366728
                  17;              4363916
                  18;              4385008
                  19;              4384708
                  20;              4366376
                  21;              4369016
                  22;              4360596
                  23;              4369772
                  24;              4362600
                  25;              4368256
                  26;              4356628
                  27;              4353836
                  28;              4352084
                  29;              4351420
                  30;              4355204
                  31;              4357224
                  32;              4311784
                  33;              4314324
                  34;              4311400
                  35;              4319064
                  36;              4321336
                  37;              4324264
                  38;              4322648
                  39;              4320788
                  40;              4322944
                  41;              4323912
                  42;              4327988
                  43;              4328540
                  44;              4326508
                  45;              4322684
                  46;              4318020
                  47;              4322716
                  48;              4320352
                  49;              4318944
                  50;              4318228
                  51;              4314260
                  52;              4322252
                  53;              4320128
                  54;              4319012
                  55;              4317792
                  56;              4316660
                  57;              4317180
                  58;              4321352
                  59;              4320108
                  60;              4317636
                  61;              4324448
                  62;              4319356
                  63;              4320380
                  64;              4316468
                  65;              4321692
                  66;              4316740
                  67;              4319516
                  68;              4316916
                  69;              4319020
                  70;              4322132
                  71;              4318372
                  72;              4318132
                  73;              4316332
                  74;              4322204
                  75;              4317104
                  76;              4317664
                  77;              4316808
                  78;              4315416
                  79;              4316272
                  80;              4320588
                  81;              4318720
                  82;              4322168
                  83;              4316836
                  84;              4318184
                  85;              4316276
                  86;              4317588
                  87;              4312716
                  88;              4316196
                  89;              4316800
                  90;              4317792
                  91;              4319860
                  92;              4318720
                  93;              4316144
                  94;              4320048
                  95;              4318576
                  96;              4910376
                  97;              4385936
                  98;              4364012
                  99;              4361796
                 100;              4745612
                 101;              4335352
                 102;              4332612
                 103;              4327492
                 104;              4328992
                 105;              4334276
                 106;              4329392
                 107;              4356416
                 108;              4324372
                 109;              5175716
                 110;              4391012
                 111;              4410980
                 112;              4387024
                 113;              4408804
                 114;              4380448
                 115;              4390308
                 116;              4419228
                 117;              4392120
                 118;              4373308
                 119;              4369680
                 120;              4367284
                 121;              4366056
                 122;              4368180
                 123;              4357560
                 124;              4354356
                 125;              4349760
                 126;              4369772
                 127;              4380612
                 128;              4373808
                 129;              4356112
                 130;              4361468
                 131;              4352484
                 132;              4349528
                 133;              4318440
                 134;              4397452
                 135;              4316144
                 136;              4321892
                 137;              4323044
                 138;              4322504
                 139;              4326516
                 140;              4352620
                 141;              4327664
                 142;              4323568
                 143;              4371476
                 144;              4317220
                 145;              4380804
                 146;              4321500
                 147;              4318660
                 148;              4320040
                 149;              4359384
                 150;              4322392
                 151;              4325360
                 152;              4320680
                 153;              4318292
                 154;              4317144
                 155;              4321056
                 156;              4317428
                 157;              4320076
                 158;              4320880
                 159;              4323072
                 160;              4317320
                 161;              4317424
                 162;              4318112
                 163;              4320344
                 164;              4315924
                 165;              4320892
                 166;              4320236
                 167;              4319092
                 168;              4320012
                 169;              4315780
                 170;              4316972
                 171;              4315496
                 172;              4316240
                 173;              4312808
                 174;              4316192
                 175;              4316776
                 176;              4322120
                 177;              4363332
                 178;              4357228
                 179;              4355056
                 180;              4357884
                 181;              4357840
                 182;              4359248
                 183;              4358280
                 184;              4376100
                 185;              4356144
                 186;              4365976
                 187;              4354416
                 188;              4353664
                 189;              4369972
                 190;              4357472
                 191;              4354972
                 192;              4357260
                 193;              4358760
                 194;              4354004
                 195;              4354424
                 196;              4356192
                 197;              4361528
                 198;              4362248
                 199;              4352332
                 200;              4370464
                 201;              4357336
                 202;              4353356
                 203;              4369628
                 204;              4364112
                 205;              4355768
                 206;              4354844
                 207;              4353628
                 208;              4355712
                 209;              4370352
                 210;              4359604
                 211;              4376780
                 212;              4354684
                 213;              4358944
                 214;              4359944
                 215;              4355880
                 216;              4348208
                 217;              4352592
                 218;              4308868
                 219;              4307984
                 220;              4319632
                 221;              4319988
                 222;              4323560
                 223;              4324020
                 224;              4322844
                 225;              4326368
                 226;              4327248
                 227;              4325884
                 228;              4324532
                 229;              4322372
                 230;              4325684
                 231;              4327216
                 232;              4323392
                 233;              4325860
                 234;              4318268
                 235;              4320340
                 236;              4318932
                 237;              4319276
                 238;              4317024
                 239;              4321100
                 240;              4321204
                 241;              4318584
                 242;              4316208
                 243;              4323124
                 244;              4322336
                 245;              4317200
                 246;              4319212
                 247;              4317148
                 248;              4314424
                 249;              4319908
                 250;              4320664
                 251;              4321180
                 252;              4338120
                 253;              4319660
                 254;              4315828
                 255;              4323312
                 256;              4319356
                 257;              4318212
                 258;              4498496
                 259;              4488968
                 260;              4936008
                 261;              4388880
                 262;              4440860
                 263;              4416192
                 264;              4374892
                 265;              4445840
                 266;              4617432
                 267;              4378720
                 268;              4437860
                 269;              4412728
                 270;              4347860
                 271;              4409708
                 272;              4429344
                 273;              4407000
                 274;              4350932
                 275;              4397476
                 276;              4395384
                 277;              4326928
                 278;              4431324
                 279;              4378272
                 280;              4323244
                 281;              4406796
                 282;              4362624
                 283;              4322484
                 284;              4326248
                 285;              4366096
                 286;              4362080
                 287;              4329456
                 288;              4348064
                 289;              4366988
                 290;              4384428
                 291;              4360380
                 292;              4370596
                 293;              4433720
                 294;              4364740
                 295;              4384332
                 296;              4430468
                 297;              4397528
                 298;              4358700
                 299;              4422656
                 300;              4441072
                 301;              4658100
                 302;              4349620
                 303;              4453628
                 304;              4451156
                 305;              4354604
                 306;              4348668
                 307;              4395504
                 308;              4329604
                 309;              4332636
                 310;              4425404
                 311;              4374680
                 312;              4341564
                 313;              4418228
                 314;              4326184
                 315;              4426560
                 316;              4406412
                 317;              4347908
                 318;              4404924
                 319;              4407120
                 320;              4322480
                 321;              4410172
                 322;              4449484
                 323;              4383300
                 324;              4439920
                 325;              4443308
                 326;              4353072
                 327;              4365000
                 328;              4446144
                 329;              4439336
                 330;              4385928
                 331;              4454444
                 332;              4452004
                 333;              4358984
                 334;              4436912
                 335;              4393364
                 336;              4319964
                 337;              4428148
                 338;              4393616
                 339;              4343236
                 340;              4334660
                 341;              4414328
                 342;              4395508
                 343;              4325144
                 344;              4438572
                 345;              4408128
                 346;              4322112
                 347;              4405828
                 348;              4402940
                 349;              4348656
                 350;              4429376
                 351;              4414260
                 352;              4364340
                 353;              4437496
                 354;              4384976
                 355;              4373516
                 356;              4458016
                 357;              4333212
                 358;              4358740
                 359;              4487536
