                   0;              3524656
                   1;              3501072
                   2;              3499292
                   3;              3500452
                   4;              3508296
                   5;              3503644
                   6;              3506808
                   7;              3513568
                   8;              3498780
                   9;              3534664
                  10;              3534424
                  11;              3539252
                  12;              3539320
                  13;              3498352
                  14;              3503836
                  15;              3496516
                  16;              3500464
                  17;              3497828
                  18;              3497676
                  19;              3499452
                  20;              3502716
                  21;              3498496
                  22;              3542200
                  23;              3534180
                  24;              3547292
                  25;              3552028
                  26;              3543292
                  27;              3500448
                  28;              3498260
                  29;              3497840
                  30;              3496404
                  31;              3497668
                  32;              3497220
                  33;              3505000
                  34;              3495344
                  35;              3542232
                  36;              3535584
                  37;              3539008
                  38;              3536328
                  39;              3546064
                  40;              3494368
                  41;              3499448
                  42;              3500844
                  43;              3494256
                  44;              3498944
                  45;              3501132
                  46;              3498512
                  47;              3502140
                  48;              3542796
                  49;              3539400
                  50;              3540220
                  51;              3537992
                  52;              3546776
                  53;              3497600
                  54;              3500076
                  55;              3499132
                  56;              3498328
                  57;              3499764
                  58;              3505448
                  59;              3500900
                  60;              3511800
                  61;              3496652
                  62;              3542160
                  63;              3545540
                  64;              3539304
                  65;              3540192
                  66;              3538684
                  67;              3503372
                  68;              3499824
                  69;              3499808
                  70;              3495052
                  71;              3499624
                  72;              3498640
                  73;              3506524
                  74;              3502508
                  75;              3540344
                  76;              3536212
                  77;              3537708
                  78;              3549036
                  79;              3545332
                  80;              3497756
                  81;              3503328
                  82;              3500912
                  83;              3496016
                  84;              3498256
                  85;              3495628
                  86;              3502096
                  87;              3505764
                  88;              3532920
                  89;              3535232
                  90;              3536800
                  91;              3540484
                  92;              3556652
                  93;              3497972
                  94;              3499384
                  95;              3498704
                  96;              3495372
                  97;              3498224
                  98;              3497184
                  99;              3498624
                 100;              3507664
                 101;              3498440
                 102;              3540752
                 103;              3538216
                 104;              3545824
                 105;              3545616
                 106;              3498460
                 107;              3499888
                 108;              3499148
                 109;              3498724
                 110;              3497824
                 111;              3500936
                 112;              3498408
                 113;              3505684
                 114;              3537340
                 115;              3536180
                 116;              3543104
                 117;              3544556
                 118;              3538492
                 119;              3498280
                 120;              3496424
                 121;              3500300
                 122;              3500272
                 123;              3496724
                 124;              3496216
                 125;              3500972
                 126;              3502216
                 127;              3540664
                 128;              3535940
                 129;              3547844
                 130;              3540400
                 131;              3542916
                 132;              3498264
                 133;              3499900
                 134;              3497604
                 135;              3496716
                 136;              3498560
                 137;              3497488
                 138;              3506168
                 139;              3500564
                 140;              3536208
                 141;              3540580
                 142;              3543612
                 143;              3547448
                 144;              3493952
                 145;              3496404
                 146;              3495940
                 147;              3498780
                 148;              3494832
                 149;              3500268
                 150;              3501040
                 151;              3511048
                 152;              3498484
                 153;              3557992
                 154;              3537448
                 155;              3537572
                 156;              3540792
                 157;              3540440
                 158;              3494712
                 159;              3503128
                 160;              3495860
                 161;              3502124
                 162;              3500800
                 163;              3499996
                 164;              3500640
                 165;              3502424
                 166;              3543720
                 167;              3538852
                 168;              3541340
                 169;              3542228
                 170;              3591964
                 171;              3499944
                 172;              3502020
                 173;              3496872
                 174;              3497740
                 175;              3500080
                 176;              3501300
                 177;              3499012
                 178;              3502540
                 179;              3540832
                 180;              3543488
                 181;              3538624
                 182;              3541372
                 183;              3542608
                 184;              3496292
                 185;              3498012
                 186;              3499904
                 187;              3503368
                 188;              3499688
                 189;              3502480
                 190;              3500360
                 191;              3506852
                 192;              3533640
                 193;              3541340
                 194;              3544264
                 195;              3542088
                 196;              3541824
                 197;              3500892
                 198;              3497992
                 199;              3500020
                 200;              3499612
                 201;              3498652
                 202;              3498964
                 203;              3498912
                 204;              3507572
                 205;              3537956
                 206;              3533240
                 207;              3538972
                 208;              3545648
                 209;              3546396
                 210;              3498084
                 211;              3495000
                 212;              3499440
                 213;              3501980
                 214;              3495524
                 215;              3494032
                 216;              3500968
                 217;              3500160
                 218;              3537336
                 219;              3546172
                 220;              3540928
                 221;              3541580
                 222;              3544672
                 223;              3495076
                 224;              3497564
                 225;              3496980
                 226;              3500872
                 227;              3498324
                 228;              3505236
                 229;              3498652
                 230;              3506244
                 231;              3559204
                 232;              3541976
                 233;              3544744
                 234;              3542268
                 235;              3548768
                 236;              3497108
                 237;              3502676
                 238;              3498452
                 239;              3504576
                 240;              3495604
                 241;              3495892
                 242;              3500516
                 243;              3502608
                 244;              3540252
                 245;              3537236
                 246;              3541468
                 247;              3542784
                 248;              3540992
                 249;              3500700
                 250;              3498088
                 251;              3630768
                 252;              3604336
                 253;              3591248
                 254;              3503688
                 255;              3509160
                 256;              3534852
                 257;              3586332
                 258;              3566108
                 259;              3556792
                 260;              3549844
                 261;              3738308
                 262;              3616052
                 263;              3601040
                 264;              3552632
                 265;              3565316
                 266;              3503584
                 267;              3580672
                 268;              3576560
                 269;              3689320
                 270;              3504248
                 271;              3510748
                 272;              3504592
                 273;              3575520
                 274;              3560852
                 275;              3503116
                 276;              3493172
                 277;              3539040
                 278;              3618120
                 279;              3606748
                 280;              3587108
                 281;              3539748
                 282;              3562528
                 283;              3504288
                 284;              3509864
                 285;              3560516
                 286;              3574316
                 287;              3570036
                 288;              3493544
                 289;              3506100
                 290;              3505324
                 291;              3588628
                 292;              3560448
                 293;              3553976
                 294;              3534408
                 295;              3547272
                 296;              3565764
                 297;              3606564
                 298;              3888356
                 299;              3613016
                 300;              3555768
                 301;              3494472
                 302;              3504148
                 303;              3503820
                 304;              3577680
                 305;              3564012
                 306;              3566692
                 307;              3510020
                 308;              3532164
                 309;              3521656
                 310;              3561736
                 311;              3613316
                 312;              3587824
                 313;              3538100
                 314;              3547224
                 315;              3572868
                 316;              3605756
                 317;              3572356
                 318;              3500200
                 319;              3533568
                 320;              3503468
                 321;              3597000
                 322;              3574508
                 323;              3556048
                 324;              3516544
                 325;              3505824
                 326;              3521248
                 327;              3609524
                 328;              3598232
                 329;              3615588
                 330;              3604148
                 331;              3525792
                 332;              3553672
                 333;              3561880
                 334;              3594664
                 335;              3571108
                 336;              3558544
                 337;              3511608
                 338;              3511928
                 339;              3537408
                 340;              3575972
                 341;              3569860
                 342;              3870288
                 343;              3554132
                 344;              3547432
                 345;              3557756
                 346;              3544052
                 347;              3613856
                 348;              3606392
                 349;              3612308
                 350;              3498952
                 351;              3508956
                 352;              3498804
                 353;              3573936
                 354;              3570724
                 355;              3540372
                 356;              3516480
                 357;              3502160
                 358;              3540688
                 359;              3566584
