                   0;               718232
                   1;               637756
                   2;               619752
                   3;               609212
                   4;               666436
                   5;               602680
                   6;               638208
                   7;               605396
                   8;               587932
                   9;               605380
                  10;               596160
                  11;               608212
                  12;               617840
                  13;               602180
                  14;               603124
                  15;               656356
                  16;               602436
                  17;               606716
                  18;               600556
                  19;               604040
                  20;               605776
                  21;               601172
                  22;               604076
                  23;               656276
                  24;               597356
                  25;               602200
                  26;               602820
                  27;               597704
                  28;               599520
                  29;               598060
                  30;               591380
                  31;               598128
                  32;               602068
                  33;               607128
                  34;               600700
                  35;               582136
                  36;               643648
                  37;               599664
                  38;               600656
                  39;               600684
                  40;               601260
                  41;               600776
                  42;               601500
                  43;               596064
                  44;               641624
                  45;               601088
                  46;               605156
                  47;               598492
                  48;               600640
                  49;               600316
                  50;               594252
                  51;               599508
                  52;               597608
                  53;               600884
                  54;               600528
                  55;               593644
                  56;               602016
                  57;               644664
                  58;               599484
                  59;               605464
                  60;               600092
                  61;               601476
                  62;               594596
                  63;               601268
                  64;               597804
                  65;               642128
                  66;               603916
                  67;               602420
                  68;               598800
                  69;               596616
                  70;               606328
                  71;               601000
                  72;               598376
                  73;               599496
                  74;               596572
                  75;               600724
                  76;               604780
                  77;               590212
                  78;               600904
                  79;               598812
                  80;               603936
                  81;               599936
                  82;               584768
                  83;               603556
                  84;               592368
                  85;               599964
                  86;               642244
                  87;               600260
                  88;               603440
                  89;               603056
                  90;               601168
                  91;               606048
                  92;               598172
                  93;               600892
                  94;               601000
                  95;               599924
                  96;               600644
                  97;               601276
                  98;               598572
                  99;               642920
                 100;               603328
                 101;               602292
                 102;               604952
                 103;               597564
                 104;               598676
                 105;               600436
                 106;               597752
                 107;               638548
                 108;               601032
                 109;               583492
                 110;               596520
                 111;               588908
                 112;               600592
                 113;               605276
                 114;               602308
                 115;               600448
                 116;               602812
                 117;               602080
                 118;               600504
                 119;               601008
                 120;               650448
                 121;               597532
                 122;               608012
                 123;               598568
                 124;               601752
                 125;               598848
                 126;               600588
                 127;               601756
                 128;               599880
                 129;               603484
                 130;               598904
                 131;               598140
                 132;               597932
                 133;               601508
                 134;               600632
                 135;               601140
                 136;               581644
                 137;               596360
                 138;               593456
                 139;               602004
                 140;               601676
                 141;               645416
                 142;               598012
                 143;               604812
                 144;               598788
                 145;               592376
                 146;               595744
                 147;               598120
                 148;               599608
                 149;               600104
                 150;               600660
                 151;               605364
                 152;               598628
                 153;               599220
                 154;               639200
                 155;               601964
                 156;               598984
                 157;               597824
                 158;               597968
                 159;               604076
                 160;               602556
                 161;               600572
                 162;               601156
                 163;               586956
                 164;               601232
                 165;               594944
                 166;               598088
                 167;               641648
                 168;               599696
                 169;               602212
                 170;               601276
                 171;               601872
                 172;               591676
                 173;               600232
                 174;               602096
                 175;               600968
                 176;               599920
                 177;               598308
                 178;               604584
                 179;               603448
                 180;               642744
                 181;               600464
                 182;               603264
                 183;               602420
                 184;               598992
                 185;               605712
                 186;               598676
                 187;               602848
                 188;               599752
                 189;               602220
                 190;               586552
                 191;               604312
                 192;               601744
                 193;               597124
                 194;               602008
                 195;               599408
                 196;               600788
                 197;               601580
                 198;               601604
                 199;               587008
                 200;               602912
                 201;               642852
                 202;               599484
                 203;               603460
                 204;               594668
                 205;               601860
                 206;               588576
                 207;               601212
                 208;               597392
                 209;               599444
                 210;               600068
                 211;               599704
                 212;               598556
                 213;               595792
                 214;               646312
                 215;               601492
                 216;               599024
                 217;               581232
                 218;               600016
                 219;               604360
                 220;               595476
                 221;               599720
                 222;               604016
                 223;               601380
                 224;               602292
                 225;               596484
                 226;               599188
                 227;               639092
                 228;               601244
                 229;               601260
                 230;               599460
                 231;               597488
                 232;               603192
                 233;               592724
                 234;               601156
                 235;               597396
                 236;               604220
                 237;               595748
                 238;               597896
                 239;               600760
                 240;               598036
                 241;               596084
                 242;               599732
                 243;               597980
                 244;               582496
                 245;               601612
                 246;               594664
                 247;               603240
                 248;               637952
                 249;               598800
                 250;               604192
                 251;               609412
                 252;               615272
                 253;               633376
                 254;               641044
                 255;               626400
                 256;               614800
                 257;               610236
                 258;               609316
                 259;               646308
                 260;               611940
                 261;               616092
                 262;               619756
                 263;               607976
                 264;               611436
                 265;               612892
                 266;               610868
                 267;               625608
                 268;               603960
                 269;               611080
                 270;               611644
                 271;               612340
                 272;               658176
                 273;               599504
                 274;               609752
                 275;               614692
                 276;               611276
                 277;               589084
                 278;               656072
                 279;               612772
                 280;               609708
                 281;               622760
                 282;               606844
                 283;               612068
                 284;               613204
                 285;               609800
                 286;               670784
                 287;               606172
                 288;               611780
                 289;               607580
                 290;               615448
                 291;               674492
                 292;               607220
                 293;               599388
                 294;               609252
                 295;               619448
                 296;               606760
                 297;               589776
                 298;               607792
                 299;               615128
                 300;               636476
                 301;               606604
                 302;               617340
                 303;               639988
                 304;               606416
                 305;               612320
                 306;               608984
                 307;               613764
                 308;               636292
                 309;               604944
                 310;               608408
                 311;               613308
                 312;               609456
                 313;               604588
                 314;               609188
                 315;               616932
                 316;               606716
                 317;               602472
                 318;               602688
                 319;               603476
                 320;               605224
                 321;               615380
                 322;               640676
                 323;               609488
                 324;               615228
                 325;               615140
                 326;               607584
                 327;               608748
                 328;               611716
                 329;               615688
                 330;               615284
                 331;               607292
                 332;               606440
                 333;               598288
                 334;               645252
                 335;               641700
                 336;               611512
                 337;               591584
                 338;               608348
                 339;               617176
                 340;               599120
                 341;               621084
                 342;               617212
                 343;               620316
                 344;               614076
                 345;               617360
                 346;               606584
                 347;               612448
                 348;               608412
                 349;               621068
                 350;               623956
                 351;               606700
                 352;               611620
                 353;               600184
                 354;               618168
                 355;               610216
                 356;               608400
                 357;               592636
                 358;               609296
                 359;               621136
