                   0;              5779148
                   1;              5618984
                   2;              5620136
                   3;              5589752
                   4;              5578756
                   5;              5618216
                   6;              5615236
                   7;              5615808
                   8;              5607684
                   9;              5583892
                  10;              5575264
                  11;              5579528
                  12;              5615700
                  13;              5626168
                  14;              5615528
                  15;              5629164
                  16;              5582376
                  17;              5578836
                  18;              5576176
                  19;              5612280
                  20;              5611044
                  21;              5626784
                  22;              5617008
                  23;              5588084
                  24;              5578244
                  25;              5575060
                  26;              5613500
                  27;              5625484
                  28;              5616272
                  29;              5611444
                  30;              5582676
                  31;              5577172
                  32;              5578676
                  33;              5616508
                  34;              5611464
                  35;              5610856
                  36;              5613212
                  37;              5582340
                  38;              5581908
                  39;              5575056
                  40;              5615564
                  41;              5615900
                  42;              5609396
                  43;              5622180
                  44;              5577872
                  45;              5580832
                  46;              5580068
                  47;              5618868
                  48;              5614840
                  49;              5614536
                  50;              5609168
                  51;              5575300
                  52;              5580240
                  53;              5576424
                  54;              5616196
                  55;              5614016
                  56;              6218376
                  57;              5655364
                  58;              5595032
                  59;              5696288
                  60;              5641888
                  61;              5626504
                  62;              5619416
                  63;              5601504
                  64;              5575416
                  65;              5577244
                  66;              5579880
                  67;              5617524
                  68;              5618192
                  69;              5615696
                  70;              5609080
                  71;              5626972
                  72;              5582880
                  73;              5582076
                  74;              5577400
                  75;              5620392
                  76;              5618020
                  77;              5618224
                  78;              5610552
                  79;              5582692
                  80;              5579784
                  81;              5576564
                  82;              5622908
                  83;              5628596
                  84;              5615704
                  85;              5611976
                  86;              5581844
                  87;              5579612
                  88;              5577628
                  89;              5615656
                  90;              5610168
                  91;              5622656
                  92;              5616384
                  93;              5572160
                  94;              5579104
                  95;              5576068
                  96;              5581452
                  97;              5631296
                  98;              5665384
                  99;              5628340
                 100;              5608452
                 101;              5583936
                 102;              5579988
                 103;              5574796
                 104;              5619396
                 105;              5614320
                 106;              5614500
                 107;              5618288
                 108;              5584232
                 109;              5573504
                 110;              5579404
                 111;              5613508
                 112;              5614616
                 113;              5620132
                 114;              5612836
                 115;              5575580
                 116;              5577256
                 117;              5579764
                 118;              5620292
                 119;              5619508
                 120;              5614216
                 121;              5613384
                 122;              5607252
                 123;              5583936
                 124;              5576888
                 125;              5578776
                 126;              5614944
                 127;              5619092
                 128;              5611012
                 129;              5678104
                 130;              5586316
                 131;              5577692
                 132;              5579460
                 133;              5617112
                 134;              5608948
                 135;              5615876
                 136;              5665676
                 137;              5584104
                 138;              5578124
                 139;              5579724
                 140;              5614680
                 141;              5614996
                 142;              5614556
                 143;              5613804
                 144;              5574756
                 145;              5582860
                 146;              5575340
                 147;              5616756
                 148;              5614888
                 149;              5609016
                 150;              5608196
                 151;              5610020
                 152;              5581816
                 153;              5577432
                 154;              5582096
                 155;              5628816
                 156;              5620088
                 157;              5611832
                 158;              5615424
                 159;              5586712
                 160;              5577584
                 161;              5576620
                 162;              5616976
                 163;              5610692
                 164;              5613536
                 165;              5613012
                 166;              5579032
                 167;              5579692
                 168;              5578812
                 169;              5617372
                 170;              5613108
                 171;              5617244
                 172;              5618304
                 173;              5574256
                 174;              5575372
                 175;              5576792
                 176;              5618860
                 177;              5619052
                 178;              5722648
                 179;              5612488
                 180;              5612184
                 181;              5582112
                 182;              5577756
                 183;              5579656
                 184;              5614572
                 185;              5655736
                 186;              5622480
                 187;              5609588
                 188;              6053044
                 189;              5579436
                 190;              5624788
                 191;              5832800
                 192;              5637896
                 193;              5619504
                 194;              5589612
                 195;              5583120
                 196;              5575648
                 197;              5618160
                 198;              5625508
                 199;              5618992
                 200;              5609668
                 201;              5583456
                 202;              5581016
                 203;              5577424
                 204;              5618572
                 205;              5615464
                 206;              5627372
                 207;              5617104
                 208;              5573096
                 209;              5580768
                 210;              5579076
                 211;              5579188
                 212;              5618692
                 213;              5615816
                 214;              5623500
                 215;              5608740
                 216;              5582084
                 217;              5575456
                 218;              5580912
                 219;              5616460
                 220;              5663876
                 221;              5618760
                 222;              5609812
                 223;              5598596
                 224;              5582656
                 225;              5602428
                 226;              5581280
                 227;              5618452
                 228;              5622148
                 229;              5610868
                 230;              5609400
                 231;              5579004
                 232;              5578720
                 233;              5579372
                 234;              5617108
                 235;              5612504
                 236;              5623856
                 237;              5613132
                 238;              5574008
                 239;              5574760
                 240;              5578956
                 241;              5577376
                 242;              5617620
                 243;              5611476
                 244;              5611112
                 245;              5612320
                 246;              5583292
                 247;              5580316
                 248;              5577200
                 249;              5614284
                 250;              5621468
                 251;              5620204
                 252;              5611856
                 253;              5608036
                 254;              5580820
                 255;              5579360
                 256;              5580880
                 257;              5626728
                 258;              5626892
                 259;              5611400
                 260;              5710848
                 261;              5657848
                 262;              5589956
                 263;              5677528
                 264;              5672608
                 265;              5634296
                 266;              5662688
                 267;              5587692
                 268;              5601152
                 269;              5608540
                 270;              5646884
                 271;              5595060
                 272;              5693224
                 273;              5636576
                 274;              5630700
                 275;              5631448
                 276;              5651880
                 277;              5648952
                 278;              5631140
                 279;              5770416
                 280;              5763720
                 281;              5624968
                 282;              5580516
                 283;              5673592
                 284;              5621208
                 285;              5641452
                 286;              5633652
                 287;              5675808
                 288;              5641940
                 289;              5627104
                 290;              5670988
                 291;              5592492
                 292;              5668432
                 293;              5614536
                 294;              5643388
                 295;              5641068
                 296;              5687164
                 297;              5660324
                 298;              5668408
                 299;              5608284
                 300;              5643072
                 301;              5635152
                 302;              5689796
                 303;              5674644
                 304;              5604760
                 305;              5733176
                 306;              5659424
                 307;              5637016
                 308;              5618808
                 309;              5686152
                 310;              5664564
                 311;              5743536
                 312;              5617212
                 313;              5637680
                 314;              5671652
                 315;              5624256
                 316;              5663660
                 317;              5787840
                 318;              5635600
                 319;              6006624
                 320;              5659132
                 321;              5629020
                 322;              5623208
                 323;              5792792
                 324;              5608556
                 325;              5582072
                 326;              5679456
                 327;              5638428
                 328;              5612444
                 329;              5634280
                 330;              5594156
                 331;              5616976
                 332;              5583068
                 333;              5637652
                 334;              5637200
                 335;              5616636
                 336;              5614740
                 337;              5601156
                 338;              5600976
                 339;              5625264
                 340;              5627376
                 341;              5757408
                 342;              5628040
                 343;              5590004
                 344;              5591148
                 345;              5598472
                 346;              5658876
                 347;              5613144
                 348;              5599740
                 349;              5637464
                 350;              5588900
                 351;              5586532
                 352;              5586440
                 353;              5770828
                 354;              5615852
                 355;              5629664
                 356;              5615492
                 357;              5613276
                 358;              5602376
                 359;              5629564
