                   0;              3863644
                   1;              3844216
                   2;              3859196
                   3;              3854300
                   4;              3853888
                   5;              3853224
                   6;              3857608
                   7;              3850452
                   8;              3851792
                   9;              3852292
                  10;              3852536
                  11;              3853244
                  12;              3857396
                  13;              3863428
                  14;              3901552
                  15;              3859116
                  16;              3869180
                  17;              3867400
                  18;              3849072
                  19;              3847892
                  20;              3906060
                  21;              5414320
                  22;              3867704
                  23;              3855560
                  24;              3842888
                  25;              3848344
                  26;              3903056
                  27;              3904420
                  28;              3899072
                  29;              3896600
                  30;              3899604
                  31;              3904348
                  32;              3894952
                  33;              3909736
                  34;              3900016
                  35;              3892936
                  36;              3849336
                  37;              3852144
                  38;              3854388
                  39;              3850908
                  40;              3846256
                  41;              3848460
                  42;              3852996
                  43;              3855652
                  44;              3850416
                  45;              3849456
                  46;              4065068
                  47;              3863612
                  48;              3858868
                  49;              3857328
                  50;              3917616
                  51;              3855460
                  52;              3908748
                  53;              3885244
                  54;              3886008
                  55;              3886484
                  56;              3894440
                  57;              3887408
                  58;              3896380
                  59;              3894716
                  60;              3886780
                  61;              3884636
                  62;              3851032
                  63;              3849744
                  64;              3850528
                  65;              3854268
                  66;              3851628
                  67;              3852676
                  68;              3856456
                  69;              3853568
                  70;              3851716
                  71;              3853156
                  72;              3851640
                  73;              3854412
                  74;              3853052
                  75;              3894012
                  76;              3887088
                  77;              3885576
                  78;              3934380
                  79;              3893032
                  80;              3891812
                  81;              3896692
                  82;              3898616
                  83;              3891608
                  84;              3847984
                  85;              3850228
                  86;              3847612
                  87;              3849436
                  88;              3852152
                  89;              3849276
                  90;              3852684
                  91;              3851824
                  92;              3852912
                  93;              3858608
                  94;              3859224
                  95;              3847328
                  96;              3895172
                  97;              3888884
                  98;              3890428
                  99;              3892512
                 100;              3909728
                 101;              3891868
                 102;              3893052
                 103;              3922624
                 104;              3898692
                 105;              3847056
                 106;              3851616
                 107;              3846892
                 108;              3847860
                 109;              3853640
                 110;              3854228
                 111;              3844244
                 112;              3852400
                 113;              3847648
                 114;              3849728
                 115;              3853372
                 116;              3855904
                 117;              3849484
                 118;              3891008
                 119;              3888348
                 120;              3880840
                 121;              3886848
                 122;              3894344
                 123;              3894816
                 124;              3896452
                 125;              3893984
                 126;              3893652
                 127;              3855620
                 128;              3854544
                 129;              3854416
                 130;              3850172
                 131;              3851496
                 132;              3855292
                 133;              3847228
                 134;              3853404
                 135;              3850360
                 136;              3853860
                 137;              3863324
                 138;              3856696
                 139;              3857252
                 140;              3886640
                 141;              3889444
                 142;              3890200
                 143;              3887776
                 144;              3894752
                 145;              3893560
                 146;              3893160
                 147;              3894496
                 148;              3853044
                 149;              3852756
                 150;              3852660
                 151;              3854924
                 152;              3851172
                 153;              3850732
                 154;              3854380
                 155;              3849196
                 156;              3849732
                 157;              3852396
                 158;              3857176
                 159;              3857272
                 160;              3849608
                 161;              3888820
                 162;              3885100
                 163;              3884580
                 164;              3891016
                 165;              3882164
                 166;              3889948
                 167;              3902912
                 168;              3887828
                 169;              3846108
                 170;              3851352
                 171;              3851672
                 172;              3845284
                 173;              3854556
                 174;              3847500
                 175;              3851996
                 176;              3967552
                 177;              3857932
                 178;              3853692
                 179;              3861160
                 180;              3863468
                 181;              3852672
                 182;              3841352
                 183;              3896588
                 184;              3891772
                 185;              3897496
                 186;              3895968
                 187;              3892932
                 188;              3898956
                 189;              3902304
                 190;              3894152
                 191;              3897036
                 192;              3851280
                 193;              3850108
                 194;              3851576
                 195;              3854140
                 196;              3850636
                 197;              3856060
                 198;              3850992
                 199;              3853356
                 200;              3852464
                 201;              3850832
                 202;              3851992
                 203;              4159996
                 204;              3900928
                 205;              3859448
                 206;              3861188
                 207;              3917580
                 208;              3851036
                 209;              3907036
                 210;              3894356
                 211;              3889684
                 212;              3934200
                 213;              3886076
                 214;              3898460
                 215;              3892788
                 216;              3898280
                 217;              3905464
                 218;              3853472
                 219;              3858572
                 220;              3850832
                 221;              3854320
                 222;              3851028
                 223;              3850180
                 224;              3852052
                 225;              3847024
                 226;              3851388
                 227;              3850640
                 228;              3859720
                 229;              3859016
                 230;              3848272
                 231;              3885296
                 232;              3888692
                 233;              3883468
                 234;              3901896
                 235;              3893660
                 236;              3889212
                 237;              4008644
                 238;              3905548
                 239;              3914016
                 240;              3846456
                 241;              3915020
                 242;              3850560
                 243;              3854620
                 244;              3859080
                 245;              3854648
                 246;              3851120
                 247;              3884672
                 248;              3855024
                 249;              3856764
                 250;              3859176
                 251;              3857004
                 252;              3851156
                 253;              3887808
                 254;              3885612
                 255;              3890956
                 256;              3898488
                 257;              3897916
                 258;              3887708
                 259;              3890348
                 260;              3894476
                 261;              4105484
                 262;              4084484
                 263;              3919992
                 264;              3909336
                 265;              3989772
                 266;              4057076
                 267;              3925584
                 268;              3864048
                 269;              3859060
                 270;              4169332
                 271;              3876780
                 272;              3857876
                 273;              3941708
                 274;              4020676
                 275;              4062524
                 276;              3861136
                 277;              3950620
                 278;              3963428
                 279;              3876688
                 280;              3883416
                 281;              3859488
                 282;              3981128
                 283;              3954424
                 284;              3954352
                 285;              3854916
                 286;              3964984
                 287;              3939560
                 288;              3892592
                 289;              3886328
                 290;              3888132
                 291;              3977108
                 292;              3883732
                 293;              3888964
                 294;              3889700
                 295;              3996176
                 296;              3994616
                 297;              3900516
                 298;              3893984
                 299;              3977120
                 300;              3991544
                 301;              3913668
                 302;              3860780
                 303;              3858296
                 304;              3968252
                 305;              3960616
                 306;              3955972
                 307;              3882804
                 308;              3965004
                 309;              3965512
                 310;              3878552
                 311;              3859640
                 312;              3924656
                 313;              3960596
                 314;              3859676
                 315;              3861768
                 316;              3965184
                 317;              3958400
                 318;              3954344
                 319;              3859308
                 320;              3853692
                 321;              3939228
                 322;              3973732
                 323;              3880248
                 324;              3892436
                 325;              3960408
                 326;              3987980
                 327;              3979476
                 328;              3880112
                 329;              3993616
                 330;              3981052
                 331;              3974492
                 332;              3888120
                 333;              3905112
                 334;              3895360
                 335;              3968740
                 336;              3881500
                 337;              3860024
                 338;              3973176
                 339;              3961976
                 340;              3950928
                 341;              3856980
                 342;              3861948
                 343;              3959876
                 344;              3956032
                 345;              3871444
                 346;              3862924
                 347;              3917084
                 348;              3914216
                 349;              3903944
                 350;              3869424
                 351;              3918048
                 352;              3920152
                 353;              3867232
                 354;              3878676
                 355;              3871004
                 356;              3905032
                 357;              3893492
                 358;              3884348
                 359;              3967788
