                   0;              3863784
                   1;              3849436
                   2;              3843016
                   3;              3864460
                   4;              3852464
                   5;              3854292
                   6;              3857264
                   7;              3854492
                   8;              3855304
                   9;              3854724
                  10;              3849008
                  11;              3856676
                  12;              3855148
                  13;              3852316
                  14;              3911536
                  15;              5528344
                  16;              3864340
                  17;              3856284
                  18;              3848776
                  19;              3853712
                  20;              3900660
                  21;              3906640
                  22;              3910588
                  23;              3902716
                  24;              3896864
                  25;              3896140
                  26;              3897956
                  27;              3900436
                  28;              3907040
                  29;              3900952
                  30;              3854968
                  31;              3846764
                  32;              3853980
                  33;              3850056
                  34;              3846676
                  35;              3850068
                  36;              3846892
                  37;              3849068
                  38;              3856244
                  39;              3848688
                  40;              3847716
                  41;              3851208
                  42;              3855160
                  43;              3849888
                  44;              3886616
                  45;              3883456
                  46;              3889312
                  47;              3884096
                  48;              3890296
                  49;              3906324
                  50;              3893388
                  51;              3893364
                  52;              3895100
                  53;              3849184
                  54;              3851444
                  55;              3848676
                  56;              3853764
                  57;              3855288
                  58;              3849756
                  59;              3847816
                  60;              3850700
                  61;              3856864
                  62;              3852092
                  63;              3850268
                  64;              3857020
                  65;              3856264
                  66;              3886872
                  67;              3902452
                  68;              4738400
                  69;              3927036
                  70;              3847572
                  71;              3905240
                  72;              3900744
                  73;              3923484
                  74;              3897136
                  75;              3894932
                  76;              3907232
                  77;              3887592
                  78;              3893936
                  79;              3888432
                  80;              3908496
                  81;              3894764
                  82;              3850244
                  83;              3853692
                  84;              3848312
                  85;              3853152
                  86;              3850504
                  87;              3850336
                  88;              3858676
                  89;              3852968
                  90;              3853972
                  91;              3851580
                  92;              3854252
                  93;              3862352
                  94;              3852464
                  95;              3838500
                  96;              3922704
                  97;              3882784
                  98;              3904244
                  99;              3883572
                 100;              3906540
                 101;              3899296
                 102;              3886004
                 103;              3898004
                 104;              3892672
                 105;              3857420
                 106;              3849748
                 107;              3848004
                 108;              3848348
                 109;              3849056
                 110;              3853240
                 111;              3851124
                 112;              3849728
                 113;              3850908
                 114;              3853396
                 115;              3851360
                 116;              3853204
                 117;              3849896
                 118;              3892032
                 119;              3911212
                 120;              3892024
                 121;              3891780
                 122;              3894636
                 123;              3891564
                 124;              3885920
                 125;              3894140
                 126;              3914952
                 127;              3854008
                 128;              3852344
                 129;              3854064
                 130;              3853720
                 131;              3852184
                 132;              3854012
                 133;              3849176
                 134;              3850120
                 135;              3850280
                 136;              3852992
                 137;              3857184
                 138;              3851108
                 139;              3887448
                 140;              3884616
                 141;              3890244
                 142;              3892168
                 143;              3888868
                 144;              3891472
                 145;              3894748
                 146;              3889540
                 147;              3890184
                 148;              3854476
                 149;              3845352
                 150;              3848348
                 151;              3848384
                 152;              3850212
                 153;              3849820
                 154;              3858932
                 155;              3852912
                 156;              3849796
                 157;              3852152
                 158;              3855980
                 159;              3844408
                 160;              3882896
                 161;              3885688
                 162;              3892680
                 163;              3888056
                 164;              3891600
                 165;              3889616
                 166;              3889092
                 167;              3904008
                 168;              3892272
                 169;              3848476
                 170;              3850844
                 171;              3852424
                 172;              3850500
                 173;              3847532
                 174;              3846348
                 175;              3848928
                 176;              3850920
                 177;              3848392
                 178;              3923952
                 179;              3855632
                 180;              3853024
                 181;              3884340
                 182;              3890972
                 183;              3883748
                 184;              3892992
                 185;              3888764
                 186;              3891588
                 187;              3907532
                 188;              3893756
                 189;              3853544
                 190;              3846656
                 191;              3847800
                 192;              3848532
                 193;              3848776
                 194;              3853156
                 195;              3851124
                 196;              3849220
                 197;              3849784
                 198;              3856572
                 199;              3854752
                 200;              3856588
                 201;              3847112
                 202;              3894272
                 203;              3894312
                 204;              3889864
                 205;              3884040
                 206;              3909000
                 207;              3890132
                 208;              3891152
                 209;              3891688
                 210;              3847192
                 211;              3853180
                 212;              3856092
                 213;              3852792
                 214;              3851108
                 215;              3851208
                 216;              3844716
                 217;              3852932
                 218;              3848276
                 219;              3855008
                 220;              3845452
                 221;              3857424
                 222;              3850816
                 223;              3895504
                 224;              3882972
                 225;              3925748
                 226;              3856144
                 227;              3847028
                 228;              3907464
                 229;              3895768
                 230;              3909224
                 231;              3895964
                 232;              3886416
                 233;              3900476
                 234;              3901908
                 235;              3890316
                 236;              3943328
                 237;              3910560
                 238;              3850532
                 239;              3853912
                 240;              3855888
                 241;              3852316
                 242;              3850940
                 243;              3848712
                 244;              3846252
                 245;              3856596
                 246;              3854064
                 247;              3849452
                 248;              3853232
                 249;              3856912
                 250;              3844436
                 251;              3884524
                 252;              3893084
                 253;              3884096
                 254;              3891736
                 255;              3887700
                 256;              3893104
                 257;              3894732
                 258;              4008176
                 259;              3984860
                 260;              4553824
                 261;              3914752
                 262;              3964340
                 263;              3905204
                 264;              3894084
                 265;              3859092
                 266;              3856484
                 267;              3862140
                 268;              3885208
                 269;              3856008
                 270;              3873404
                 271;              3878888
                 272;              3917776
                 273;              3863432
                 274;              3860200
                 275;              3857140
                 276;              3919676
                 277;              3934536
                 278;              3863348
                 279;              3872588
                 280;              3862908
                 281;              3880800
                 282;              3920968
                 283;              3860828
                 284;              3855588
                 285;              3846608
                 286;              3929024
                 287;              3886624
                 288;              3889980
                 289;              3892212
                 290;              3885928
                 291;              3888192
                 292;              3882892
                 293;              3896188
                 294;              3925964
                 295;              3895936
                 296;              3886412
                 297;              3875340
                 298;              3858468
                 299;              3881796
                 300;              3864716
                 301;              3867816
                 302;              3858252
                 303;              3863204
                 304;              3866768
                 305;              3862284
                 306;              3880280
                 307;              3859084
                 308;              3880176
                 309;              3855356
                 310;              3858488
                 311;              4153220
                 312;              3895672
                 313;              3891332
                 314;              3888912
                 315;              3894048
                 316;              3893820
                 317;              3892612
                 318;              3895952
                 319;              3953888
                 320;              3903768
                 321;              3896344
                 322;              3888280
                 323;              3848748
                 324;              3853012
                 325;              3855692
                 326;              3882472
                 327;              3862856
                 328;              3867236
                 329;              3861316
                 330;              3858068
                 331;              3861568
                 332;              3864780
                 333;              3857076
                 334;              3866024
                 335;              3870260
                 336;              3852136
                 337;              3864408
                 338;              3909876
                 339;              3901576
                 340;              3889516
                 341;              3888880
                 342;              3899268
                 343;              3894252
                 344;              3895724
                 345;              3886868
                 346;              3897456
                 347;              3902380
                 348;              3901668
                 349;              3857452
                 350;              3860976
                 351;              3860668
                 352;              3865780
                 353;              3855192
                 354;              3860032
                 355;              3874308
                 356;              3863324
                 357;              3881872
                 358;              3856928
                 359;              3878484
