                   0;               689056
                   1;               649476
                   2;               611560
                   3;               605868
                   4;               596144
                   5;               588696
                   6;               595380
                   7;               590436
                   8;               589404
                   9;               594712
                  10;               586392
                  11;               588208
                  12;               676104
                  13;               590648
                  14;               620940
                  15;               595304
                  16;               591576
                  17;               598860
                  18;               591764
                  19;               595712
                  20;               598960
                  21;               591996
                  22;               593428
                  23;               586300
                  24;               591608
                  25;               596300
                  26;               594288
                  27;               597372
                  28;               596156
                  29;               593812
                  30;               569620
                  31;               593480
                  32;               592492
                  33;               596620
                  34;               592368
                  35;               592644
                  36;               847752
                  37;               704176
                  38;               608832
                  39;               606112
                  40;               596228
                  41;               591300
                  42;               600852
                  43;               792360
                  44;               602960
                  45;               600864
                  46;               598600
                  47;               591696
                  48;               592360
                  49;               592976
                  50;               602348
                  51;               595496
                  52;               593896
                  53;               655788
                  54;               593748
                  55;               589916
                  56;               590188
                  57;               593272
                  58;               595488
                  59;               591800
                  60;               592468
                  61;               600152
                  62;               590336
                  63;               565552
                  64;               589688
                  65;               594564
                  66;               595268
                  67;               593964
                  68;               595768
                  69;               653016
                  70;               591980
                  71;               596400
                  72;               589400
                  73;               591996
                  74;               596044
                  75;               586228
                  76;               595712
                  77;               594192
                  78;               592436
                  79;               592772
                  80;               593076
                  81;               594968
                  82;               592932
                  83;               593552
                  84;               593296
                  85;               589516
                  86;               593300
                  87;               595928
                  88;               591348
                  89;               595700
                  90;               628708
                  91;               590740
                  92;               593008
                  93;               590496
                  94;               590776
                  95;               595604
                  96;               591344
                  97;               596264
                  98;               597368
                  99;               590456
                 100;               593060
                 101;               588932
                 102;               590788
                 103;               591236
                 104;               593504
                 105;               592100
                 106;               591476
                 107;               595640
                 108;               589980
                 109;               594280
                 110;               579520
                 111;               645700
                 112;               591692
                 113;               591376
                 114;               591640
                 115;               597696
                 116;               594496
                 117;               580868
                 118;               592136
                 119;               632276
                 120;               590376
                 121;               594616
                 122;               590628
                 123;               595044
                 124;               598388
                 125;               593540
                 126;               598000
                 127;               697668
                 128;               594228
                 129;               587740
                 130;               590268
                 131;               593216
                 132;               595864
                 133;               589848
                 134;               591180
                 135;               593580
                 136;               589396
                 137;               569492
                 138;               596016
                 139;               592760
                 140;               593852
                 141;               589712
                 142;               591556
                 143;               594452
                 144;               582588
                 145;               594352
                 146;               592024
                 147;               590936
                 148;               632104
                 149;               591016
                 150;               597768
                 151;               591924
                 152;               594004
                 153;               599564
                 154;               594348
                 155;               591056
                 156;               630216
                 157;               578204
                 158;               590772
                 159;               588600
                 160;               592980
                 161;               596844
                 162;               592324
                 163;               595424
                 164;               580304
                 165;               589184
                 166;               596532
                 167;               596564
                 168;               597044
                 169;               590648
                 170;               590412
                 171;               584044
                 172;               594880
                 173;               590600
                 174;               593208
                 175;               590496
                 176;               590396
                 177;               633412
                 178;               589808
                 179;               595856
                 180;               593880
                 181;               594192
                 182;               594660
                 183;               591992
                 184;               581796
                 185;               584020
                 186;               591176
                 187;               592532
                 188;               592792
                 189;               594992
                 190;               590680
                 191;               582516
                 192;               594832
                 193;               587748
                 194;               594088
                 195;               594600
                 196;               594824
                 197;               591656
                 198;               633896
                 199;               589528
                 200;               598944
                 201;               589176
                 202;               593484
                 203;               589200
                 204;               586692
                 205;               593884
                 206;               587208
                 207;               589280
                 208;               593548
                 209;               589164
                 210;               597668
                 211;               572224
                 212;               591800
                 213;               594500
                 214;               589508
                 215;               590660
                 216;               599304
                 217;               588024
                 218;               587444
                 219;               634984
                 220;               587360
                 221;               586180
                 222;               587660
                 223;               589216
                 224;               595344
                 225;               584996
                 226;               593716
                 227;               589468
                 228;               594308
                 229;               592836
                 230;               598360
                 231;               579664
                 232;               633680
                 233;               598256
                 234;               592692
                 235;               586352
                 236;               589828
                 237;               594116
                 238;               577000
                 239;               591752
                 240;               592060
                 241;               591572
                 242;               594732
                 243;               591888
                 244;               589908
                 245;               590744
                 246;               594964
                 247;               593936
                 248;               588776
                 249;               589372
                 250;               598560
                 251;               600432
                 252;               602248
                 253;               641376
                 254;               643892
                 255;               605664
                 256;               658124
                 257;               603752
                 258;               603884
                 259;               633040
                 260;               590040
                 261;               598576
                 262;               597856
                 263;               601556
                 264;               612736
                 265;               589176
                 266;               606248
                 267;               600908
                 268;               601912
                 269;               604604
                 270;               666800
                 271;               601180
                 272;               600768
                 273;               603908
                 274;               603176
                 275;               600672
                 276;               599552
                 277;               755736
                 278;               652232
                 279;               611212
                 280;               610516
                 281;               611696
                 282;               685724
                 283;               620024
                 284;               611516
                 285;               614280
                 286;               615436
                 287;               661332
                 288;               595116
                 289;               603328
                 290;               643772
                 291;               603276
                 292;               602764
                 293;               618316
                 294;               620756
                 295;               601932
                 296;               595204
                 297;               606656
                 298;               612792
                 299;               596444
                 300;               602164
                 301;               599988
                 302;               609924
                 303;               638756
                 304;               588688
                 305;               617868
                 306;               606264
                 307;               605824
                 308;               642444
                 309;               637240
                 310;               602788
                 311;               600592
                 312;               663848
                 313;               599500
                 314;               607564
                 315;               603160
                 316;               677544
                 317;               589432
                 318;               596816
                 319;               602872
                 320;               642884
                 321;               656032
                 322;               601868
                 323;               589488
                 324;               607128
                 325;               608080
                 326;               672464
                 327;               595252
                 328;               596072
                 329;               605600
                 330;               607500
                 331;               620444
                 332;               594668
                 333;               603940
                 334;               601392
                 335;               622656
                 336;               583332
                 337;               591700
                 338;               602840
                 339;               604116
                 340;               623472
                 341;               601128
                 342;               600156
                 343;               608576
                 344;               607576
                 345;               610312
                 346;               629328
                 347;               597812
                 348;               599800
                 349;               604508
                 350;               598160
                 351;               610068
                 352;               593064
                 353;               649956
                 354;               603188
                 355;               601804
                 356;               627776
                 357;               592732
                 358;               599704
                 359;               597688
