                   0;               688232
                   1;               645780
                   2;               619608
                   3;               604400
                   4;               602756
                   5;               594380
                   6;               594492
                   7;               660252
                   8;               588212
                   9;               628740
                  10;               606744
                  11;               595848
                  12;               600508
                  13;               596204
                  14;               597464
                  15;               598116
                  16;               596296
                  17;               597532
                  18;               593408
                  19;               597264
                  20;               599792
                  21;               588636
                  22;               595876
                  23;               598844
                  24;               593552
                  25;               590812
                  26;               595980
                  27;               592752
                  28;               582040
                  29;               597248
                  30;               599236
                  31;               595948
                  32;               594328
                  33;               596532
                  34;               594064
                  35;               587528
                  36;               595816
                  37;               596196
                  38;               594876
                  39;               603240
                  40;               595868
                  41;               596592
                  42;               658012
                  43;               590492
                  44;               597828
                  45;               594972
                  46;               596572
                  47;               599996
                  48;               588432
                  49;               598584
                  50;               673780
                  51;               596308
                  52;               599124
                  53;               593504
                  54;               596944
                  55;               583160
                  56;               596988
                  57;               596524
                  58;               593372
                  59;               598312
                  60;               601820
                  61;               593776
                  62;               600368
                  63;               591492
                  64;               597152
                  65;               595680
                  66;               599828
                  67;               599572
                  68;               590328
                  69;               592752
                  70;               591968
                  71;               592720
                  72;               594056
                  73;               596356
                  74;               592148
                  75;               571356
                  76;               596856
                  77;               595736
                  78;               594136
                  79;               614016
                  80;               596480
                  81;               598808
                  82;               593356
                  83;               595820
                  84;               594344
                  85;               597364
                  86;               594940
                  87;               637504
                  88;               596692
                  89;               598084
                  90;               595488
                  91;               601468
                  92;               597792
                  93;               594864
                  94;               594740
                  95;               588168
                  96;               595424
                  97;               598044
                  98;               596424
                  99;               594096
                 100;               595556
                 101;               595240
                 102;               576828
                 103;               591844
                 104;               589700
                 105;               596736
                 106;               595664
                 107;               600236
                 108;               637768
                 109;               595268
                 110;               595416
                 111;               594780
                 112;               592500
                 113;               598592
                 114;               594644
                 115;               596364
                 116;               637936
                 117;               592628
                 118;               594884
                 119;               592328
                 120;               601764
                 121;               596996
                 122;               566516
                 123;               592948
                 124;               593152
                 125;               595044
                 126;               592680
                 127;               588908
                 128;               594116
                 129;               638092
                 130;               595780
                 131;               596384
                 132;               594012
                 133;               595592
                 134;               603460
                 135;               593280
                 136;               597076
                 137;               641216
                 138;               591628
                 139;               597828
                 140;               597260
                 141;               599036
                 142;               598224
                 143;               593496
                 144;               597148
                 145;               592624
                 146;               592228
                 147;               598900
                 148;               597152
                 149;               572872
                 150;               639764
                 151;               598048
                 152;               596680
                 153;               598056
                 154;               595952
                 155;               603876
                 156;               589120
                 157;               596768
                 158;               633872
                 159;               595704
                 160;               596368
                 161;               594656
                 162;               592884
                 163;               596524
                 164;               593004
                 165;               598216
                 166;               595944
                 167;               594700
                 168;               596044
                 169;               588080
                 170;               589312
                 171;               593844
                 172;               597652
                 173;               594996
                 174;               593072
                 175;               595468
                 176;               578260
                 177;               594600
                 178;               594592
                 179;               632496
                 180;               596192
                 181;               597964
                 182;               590380
                 183;               584224
                 184;               595300
                 185;               594164
                 186;               596272
                 187;               592696
                 188;               595316
                 189;               599164
                 190;               589872
                 191;               595068
                 192;               594584
                 193;               597664
                 194;               594632
                 195;               594208
                 196;               582344
                 197;               598776
                 198;               592804
                 199;               591032
                 200;               645696
                 201;               591352
                 202;               596364
                 203;               582276
                 204;               595812
                 205;               595636
                 206;               593976
                 207;               595384
                 208;               594764
                 209;               596800
                 210;               585588
                 211;               595120
                 212;               593208
                 213;               598156
                 214;               593792
                 215;               598288
                 216;               592308
                 217;               592284
                 218;               593120
                 219;               595656
                 220;               594420
                 221;               635072
                 222;               593932
                 223;               582484
                 224;               593224
                 225;               594608
                 226;               602932
                 227;               600956
                 228;               594664
                 229;               594620
                 230;               590460
                 231;               594572
                 232;               595212
                 233;               604312
                 234;               597152
                 235;               595680
                 236;               893668
                 237;               662144
                 238;               616872
                 239;               606576
                 240;               613128
                 241;               604484
                 242;               601108
                 243;               649672
                 244;               613556
                 245;               602084
                 246;               602220
                 247;               598416
                 248;               598920
                 249;               596496
                 250;               592368
                 251;               667476
                 252;               601120
                 253;               599572
                 254;               596036
                 255;               595456
                 256;               578832
                 257;               592732
                 258;               601088
                 259;               595972
                 260;               592892
                 261;               608156
                 262;               660992
                 263;               646400
                 264;               655568
                 265;               634396
                 266;               603424
                 267;               615968
                 268;               655136
                 269;               600592
                 270;               600692
                 271;               606144
                 272;               608572
                 273;               668852
                 274;               603756
                 275;               602660
                 276;               641388
                 277;               608604
                 278;               609492
                 279;               605788
                 280;               600804
                 281;               605032
                 282;               607236
                 283;               608556
                 284;               667956
                 285;               600728
                 286;               601716
                 287;               604228
                 288;               607680
                 289;               602956
                 290;               657440
                 291;               706652
                 292;               600884
                 293;               603656
                 294;               601728
                 295;               604840
                 296;               653996
                 297;               598384
                 298;               608648
                 299;               604848
                 300;               636124
                 301;               644304
                 302;               595408
                 303;               606936
                 304;               607120
                 305;               632336
                 306;               606508
                 307;               601828
                 308;               589084
                 309;               604892
                 310;               694884
                 311;               598976
                 312;               604184
                 313;               606324
                 314;               609560
                 315;               718292
                 316;               600940
                 317;               605280
                 318;               606756
                 319;               612312
                 320;               738884
                 321;               589808
                 322;               602756
                 323;               623556
                 324;               599452
                 325;               603308
                 326;               608696
                 327;               682428
                 328;               620928
                 329;               604548
                 330;               606712
                 331;               602928
                 332;               608896
                 333;               610324
                 334;               648020
                 335;               595560
                 336;               602976
                 337;               604752
                 338;               612028
                 339;               599764
                 340;               601436
                 341;               607020
                 342;               606456
                 343;               652168
                 344;               602492
                 345;               602424
                 346;               605876
                 347;               606112
                 348;               595844
                 349;               604000
                 350;               604224
                 351;               607348
                 352;               608524
                 353;               637172
                 354;               614516
                 355;               630968
                 356;               643632
                 357;               603260
                 358;               605040
                 359;               608644
