                   0;              3849896
                   1;               476564
                   2;               453488
                   3;               441280
                   4;               474160
                   5;               450640
                   6;               436292
                   7;               431924
                   8;               504284
                   9;               428288
                  10;               432548
                  11;               429928
                  12;               430460
                  13;               434732
                  14;               429056
                  15;               429336
                  16;               430872
                  17;               428496
                  18;               426940
                  19;               430580
                  20;               432056
                  21;               430248
                  22;               433404
                  23;               426352
                  24;              4368984
                  25;               500184
                  26;               457516
                  27;               439904
                  28;               482620
                  29;               442924
                  30;               439744
                  31;               434328
                  32;               431756
                  33;               435672
                  34;               429604
                  35;               439312
                  36;               432736
                  37;               425460
                  38;               433672
                  39;               431292
                  40;               428424
                  41;               429768
                  42;               432056
                  43;               425332
                  44;               427100
                  45;               431540
                  46;               434040
                  47;               427656
                  48;               433228
                  49;               468096
                  50;               436468
                  51;               429748
                  52;               430512
                  53;               426904
                  54;               435124
                  55;               432436
                  56;               429504
                  57;               429756
                  58;               431220
                  59;               430200
                  60;               431320
                  61;               435128
                  62;               429092
                  63;               431248
                  64;               434076
                  65;               432996
                  66;               437704
                  67;               429860
                  68;               459588
                  69;               429120
                  70;               437812
                  71;               430080
                  72;               427464
                  73;               433124
                  74;               463972
                  75;               429476
                  76;               433832
                  77;               428272
                  78;               429768
                  79;               430744
                  80;               431280
                  81;               426640
                  82;               429816
                  83;               429640
                  84;               432448
                  85;               431288
                  86;               430564
                  87;               426728
                  88;               432768
                  89;               426088
                  90;               431828
                  91;               431884
                  92;               438508
                  93;               426792
                  94;               432608
                  95;               427520
                  96;               433584
                  97;               429324
                  98;               431488
                  99;               427996
                 100;               431352
                 101;               425800
                 102;               429628
                 103;               426296
                 104;               431472
                 105;               462492
                 106;               430808
                 107;               430424
                 108;               423432
                 109;               426260
                 110;               426916
                 111;               435172
                 112;               417944
                 113;               429072
                 114;               424104
                 115;               428200
                 116;               427752
                 117;               416524
                 118;               426368
                 119;               432936
                 120;               431932
                 121;               432404
                 122;               415312
                 123;               432800
                 124;               425760
                 125;               434892
                 126;               430980
                 127;               416292
                 128;               429956
                 129;               429908
                 130;               476200
                 131;               429976
                 132;               411156
                 133;               432828
                 134;               436596
                 135;               431096
                 136;               427516
                 137;               423432
                 138;               428360
                 139;               429452
                 140;               431848
                 141;               434300
                 142;               433472
                 143;               437092
                 144;               426168
                 145;               434956
                 146;               430360
                 147;               429644
                 148;               439156
                 149;               428904
                 150;               436152
                 151;               431428
                 152;               427144
                 153;               433048
                 154;               426700
                 155;               456200
                 156;               428728
                 157;               430000
                 158;               427348
                 159;               436440
                 160;               427384
                 161;               434748
                 162;               435004
                 163;               430956
                 164;               432736
                 165;               427460
                 166;               426692
                 167;               432656
                 168;               430020
                 169;               428984
                 170;               436132
                 171;               432732
                 172;               436448
                 173;               434380
                 174;               460560
                 175;               432624
                 176;               435196
                 177;               432344
                 178;               429472
                 179;               433024
                 180;               431644
                 181;               432376
                 182;               429112
                 183;               432372
                 184;               432432
                 185;               427592
                 186;               430692
                 187;               425580
                 188;               429876
                 189;               430664
                 190;               429616
                 191;               429336
                 192;               429504
                 193;               427256
                 194;               429876
                 195;               429404
                 196;               427232
                 197;               422640
                 198;               440632
                 199;               458044
                 200;               434856
                 201;               429388
                 202;               425916
                 203;               565556
                 204;               474508
                 205;               454084
                 206;               566500
                 207;               476152
                 208;               440008
                 209;               433860
                 210;               432328
                 211;               428296
                 212;               433892
                 213;               500980
                 214;               428660
                 215;               427372
                 216;               417852
                 217;               433696
                 218;               430628
                 219;               489788
                 220;               432356
                 221;               419252
                 222;               427768
                 223;               429052
                 224;               430068
                 225;               427784
                 226;               422484
                 227;               428276
                 228;               432824
                 229;               427824
                 230;               431904
                 231;               427696
                 232;               432152
                 233;               423940
                 234;               431668
                 235;               430904
                 236;               431280
                 237;               429456
                 238;               434980
                 239;               430088
                 240;               436112
                 241;               430388
                 242;               425676
                 243;               434420
                 244;               426088
                 245;               433404
                 246;               432664
                 247;               431412
                 248;               426768
                 249;               435528
                 250;               467540
                 251;               457144
                 252;               474612
                 253;               460416
                 254;               450184
                 255;               446984
                 256;               442900
                 257;               445328
                 258;               442624
                 259;               442384
                 260;               434320
                 261;               441928
                 262;               442668
                 263;               447944
                 264;               441656
                 265;               442888
                 266;               438384
                 267;               435804
                 268;               440120
                 269;               438972
                 270;               440864
                 271;               804892
                 272;               447152
                 273;               448088
                 274;               436300
                 275;               441452
                 276;               436408
                 277;               438196
                 278;               438044
                 279;               438096
                 280;               441572
                 281;               439092
                 282;               442388
                 283;               506312
                 284;               564052
                 285;               442848
                 286;               439816
                 287;               491304
                 288;               512556
                 289;               446576
                 290;               447820
                 291;               442048
                 292;               437924
                 293;               441784
                 294;               438368
                 295;               433136
                 296;               443632
                 297;               434904
                 298;               518216
                 299;               478600
                 300;               448008
                 301;               438520
                 302;               435412
                 303;               452416
                 304;               443864
                 305;               436216
                 306;               442480
                 307;               436596
                 308;               444964
                 309;               444088
                 310;               439712
                 311;               609964
                 312;               446604
                 313;               444000
                 314;               438664
                 315;               430112
                 316;               442900
                 317;               439792
                 318;               439948
                 319;               451948
                 320;               426976
                 321;               454540
                 322;               439908
                 323;               435012
                 324;               437404
                 325;               419748
                 326;               435740
                 327;               438276
                 328;               507244
                 329;               597052
                 330;               425936
                 331;               446328
                 332;               439420
                 333;               439048
                 334;               437252
                 335;               432796
                 336;               446024
                 337;               442712
                 338;               468956
                 339;               437400
                 340;               423936
                 341;               434056
                 342;               442060
                 343;               664364
                 344;               442692
                 345;               437172
                 346;               432908
                 347;               438164
                 348;               435252
                 349;               435972
                 350;               440436
                 351;               438268
                 352;               438716
                 353;               436728
                 354;               439028
                 355;               439816
                 356;               430632
                 357;               514568
                 358;               568072
                 359;               449248
