                   0;               685672
                   1;               671824
                   2;               670340
                   3;               676516
                   4;               634952
                   5;               623868
                   6;               600168
                   7;               598916
                   8;               592648
                   9;               589608
                  10;               595436
                  11;               597332
                  12;               596736
                  13;               602900
                  14;               587656
                  15;               595656
                  16;               598024
                  17;               590872
                  18;               597184
                  19;               668408
                  20;               597176
                  21;               621736
                  22;               668092
                  23;               599224
                  24;               600124
                  25;               593688
                  26;               598796
                  27;               599936
                  28;               599180
                  29;               602620
                  30;               598256
                  31;               597928
                  32;               595184
                  33;               593084
                  34;               941928
                  35;              1238964
                  36;               616204
                  37;               654020
                  38;               599500
                  39;               602120
                  40;               597744
                  41;               619668
                  42;               607452
                  43;               597336
                  44;               597276
                  45;               596392
                  46;               596768
                  47;               598272
                  48;               601340
                  49;               599552
                  50;               600700
                  51;               594024
                  52;               598064
                  53;               593212
                  54;               583932
                  55;               597224
                  56;               595160
                  57;               596112
                  58;               599028
                  59;               589864
                  60;               588328
                  61;               599628
                  62;               594492
                  63;               593696
                  64;               592388
                  65;               596644
                  66;               596184
                  67;               588908
                  68;               596056
                  69;               657588
                  70;               592404
                  71;               596808
                  72;               592148
                  73;               596004
                  74;               597400
                  75;               592504
                  76;               595424
                  77;               596708
                  78;               594008
                  79;               592456
                  80;               595376
                  81;               585588
                  82;               591452
                  83;               599060
                  84;               594136
                  85;               601316
                  86;               592992
                  87;               579756
                  88;               589584
                  89;               594176
                  90;               639984
                  91;               592344
                  92;               598592
                  93;               589920
                  94;               592292
                  95;               595040
                  96;               591796
                  97;               593948
                  98;               591244
                  99;               594760
                 100;               597848
                 101;               593040
                 102;               594560
                 103;               592432
                 104;               595192
                 105;               598040
                 106;               594884
                 107;               592872
                 108;               587088
                 109;               597648
                 110;               597212
                 111;               636928
                 112;               593588
                 113;               597128
                 114;               575372
                 115;               591184
                 116;               598780
                 117;               594228
                 118;               596228
                 119;               629644
                 120;               596224
                 121;               599404
                 122;               593940
                 123;               595036
                 124;               593556
                 125;               593792
                 126;               594372
                 127;               591668
                 128;               597556
                 129;               590292
                 130;               592756
                 131;               597384
                 132;               591928
                 133;               593928
                 134;               581516
                 135;               584912
                 136;               594300
                 137;               602340
                 138;               596740
                 139;               602036
                 140;               637792
                 141;               593852
                 142;               598088
                 143;               593880
                 144;               592808
                 145;               596680
                 146;               594552
                 147;               587892
                 148;               594592
                 149;               595344
                 150;               596504
                 151;               590988
                 152;               595948
                 153;               593632
                 154;               593220
                 155;               597716
                 156;               589028
                 157;               592516
                 158;               595488
                 159;               594780
                 160;               594208
                 161;               579068
                 162;               589016
                 163;               604704
                 164;               595760
                 165;               597216
                 166;               599100
                 167;               591788
                 168;               597504
                 169;               635212
                 170;               591964
                 171;               595568
                 172;               597784
                 173;               592780
                 174;               598520
                 175;               593192
                 176;               600428
                 177;               594892
                 178;               594896
                 179;               600056
                 180;               593588
                 181;               592448
                 182;               632604
                 183;               592868
                 184;               595168
                 185;               593016
                 186;               594512
                 187;               601368
                 188;               573148
                 189;               585640
                 190;               595312
                 191;               594128
                 192;               595348
                 193;               596344
                 194;               592472
                 195;               594528
                 196;               588460
                 197;               593480
                 198;               596240
                 199;               590320
                 200;               604016
                 201;               593528
                 202;               593140
                 203;               637296
                 204;               593908
                 205;               593336
                 206;               592360
                 207;               592336
                 208;               589104
                 209;               595016
                 210;               596268
                 211;               589460
                 212;               596340
                 213;               599140
                 214;               593460
                 215;               584440
                 216;               584868
                 217;               594792
                 218;               596952
                 219;               598280
                 220;               597648
                 221;               600940
                 222;               596184
                 223;               586504
                 224;               637220
                 225;               593128
                 226;               598868
                 227;               592984
                 228;               595868
                 229;               596496
                 230;               597760
                 231;               602776
                 232;               595076
                 233;               596476
                 234;               593312
                 235;               579548
                 236;               594524
                 237;               632172
                 238;               593292
                 239;               593224
                 240;               592328
                 241;               595280
                 242;               596252
                 243;               591020
                 244;               594144
                 245;               594544
                 246;               597300
                 247;               598032
                 248;               597456
                 249;               592068
                 250;               587688
                 251;               601256
                 252;               599228
                 253;               594388
                 254;               594836
                 255;               597932
                 256;               594604
                 257;               594840
                 258;               637244
                 259;               598208
                 260;               592880
                 261;               596872
                 262;               578916
                 263;               593004
                 264;               596900
                 265;               639996
                 266;               670436
                 267;               610156
                 268;               617356
                 269;               597172
                 270;               610692
                 271;               605004
                 272;               607728
                 273;               660220
                 274;               598976
                 275;               598568
                 276;               663592
                 277;               628676
                 278;               614436
                 279;               622036
                 280;               605592
                 281;               620968
                 282;               616144
                 283;               652068
                 284;               604088
                 285;               609252
                 286;               600536
                 287;               601676
                 288;               592076
                 289;               605656
                 290;               612244
                 291;               600456
                 292;               602028
                 293;               603068
                 294;               606792
                 295;               606824
                 296;               600880
                 297;               602512
                 298;               601312
                 299;               604384
                 300;               608000
                 301;               597200
                 302;               655936
                 303;               599536
                 304;               604152
                 305;               600628
                 306;               614828
                 307;               606620
                 308;               587384
                 309;               605984
                 310;               631588
                 311;               628484
                 312;               605028
                 313;               601772
                 314;               623140
                 315;               615004
                 316;               589868
                 317;               605556
                 318;               638312
                 319;               604372
                 320;               637040
                 321;               594992
                 322;               607688
                 323;               603528
                 324;               603648
                 325;               606952
                 326;               608488
                 327;               601904
                 328;               604108
                 329;               602064
                 330;               608416
                 331;               603160
                 332;               597564
                 333;               601900
                 334;               604940
                 335;               610704
                 336;               591060
                 337;               604644
                 338;               606688
                 339;               603804
                 340;               614972
                 341;               588540
                 342;               599592
                 343;               600196
                 344;               636048
                 345;               600556
                 346;               606920
                 347;               606044
                 348;               606108
                 349;               624896
                 350;               602072
                 351;               604100
                 352;               605760
                 353;               643096
                 354;               626392
                 355;               603684
                 356;               595168
                 357;               605936
                 358;               627344
                 359;               602176
