                   0;               698992
                   1;               656088
                   2;               611396
                   3;               607252
                   4;               613616
                   5;               598112
                   6;               595740
                   7;               596028
                   8;               580916
                   9;               598312
                  10;               594632
                  11;               596132
                  12;               596396
                  13;               594892
                  14;               593908
                  15;               628516
                  16;               597664
                  17;               597968
                  18;               595584
                  19;               597632
                  20;               598144
                  21;               595728
                  22;               597568
                  23;               635812
                  24;               595152
                  25;               601968
                  26;               595368
                  27;               593548
                  28;               583692
                  29;               596304
                  30;               598860
                  31;               654332
                  32;               594864
                  33;               600748
                  34;               596348
                  35;               586180
                  36;               687812
                  37;               697240
                  38;               614416
                  39;               601964
                  40;               601836
                  41;               600172
                  42;               616304
                  43;               603584
                  44;               603436
                  45;               601572
                  46;               611760
                  47;               599124
                  48;               662328
                  49;               597868
                  50;               601160
                  51;               602352
                  52;               598776
                  53;               603276
                  54;               582256
                  55;               600596
                  56;               666900
                  57;               598476
                  58;               597488
                  59;               592684
                  60;               592520
                  61;               592572
                  62;               590824
                  63;               598160
                  64;               640108
                  65;               597300
                  66;               597944
                  67;               596812
                  68;               584704
                  69;               598776
                  70;               596820
                  71;               593632
                  72;               638336
                  73;               592704
                  74;               578980
                  75;               591640
                  76;               598304
                  77;               598100
                  78;               599252
                  79;               599440
                  80;               636288
                  81;               597692
                  82;               599844
                  83;               597232
                  84;               604468
                  85;               600900
                  86;               595264
                  87;               603080
                  88;               622092
                  89;               593840
                  90;               596508
                  91;               595704
                  92;               596616
                  93;               595912
                  94;               577272
                  95;               597964
                  96;               680652
                  97;               596648
                  98;               600968
                  99;               592540
                 100;               596760
                 101;               595952
                 102;               593028
                 103;               593196
                 104;               638508
                 105;               596824
                 106;               599032
                 107;               594108
                 108;               586936
                 109;               599816
                 110;               598568
                 111;               592604
                 112;               653940
                 113;               592876
                 114;               578356
                 115;               595732
                 116;               594752
                 117;               599412
                 118;               594112
                 119;               599712
                 120;               633916
                 121;               592944
                 122;               598692
                 123;               592996
                 124;               594948
                 125;               601396
                 126;               595732
                 127;               596532
                 128;               628636
                 129;               594992
                 130;               595420
                 131;               593416
                 132;               593092
                 133;               596300
                 134;               579248
                 135;               591604
                 136;               636560
                 137;               596216
                 138;               593936
                 139;               596400
                 140;               596220
                 141;               601984
                 142;               598936
                 143;               593084
                 144;               636276
                 145;               598848
                 146;               596308
                 147;               597396
                 148;               593428
                 149;               597644
                 150;               599736
                 151;               603048
                 152;               639460
                 153;               596972
                 154;               585112
                 155;               582812
                 156;               596448
                 157;               600936
                 158;               592228
                 159;               598636
                 160;               634704
                 161;               595076
                 162;               595900
                 163;               592656
                 164;               596252
                 165;               601348
                 166;               594244
                 167;               595940
                 168;               642496
                 169;               593588
                 170;               595628
                 171;               597716
                 172;               596928
                 173;               598084
                 174;               579756
                 175;               588972
                 176;               595548
                 177;               595328
                 178;               595044
                 179;               598548
                 180;               598272
                 181;               596352
                 182;               593000
                 183;               596608
                 184;               595412
                 185;               598020
                 186;               595828
                 187;               593884
                 188;               594056
                 189;               598132
                 190;               595496
                 191;               593544
                 192;               600180
                 193;               596764
                 194;               582560
                 195;               589736
                 196;               595528
                 197;               598936
                 198;               593552
                 199;               597464
                 200;               598928
                 201;               594452
                 202;               594080
                 203;               592988
                 204;               596028
                 205;               594508
                 206;               596184
                 207;               596916
                 208;               597512
                 209;               595224
                 210;               600260
                 211;               598972
                 212;               600804
                 213;               595460
                 214;               579036
                 215;               589288
                 216;               597992
                 217;               593092
                 218;               593896
                 219;               595992
                 220;               598792
                 221;               634256
                 222;               586576
                 223;               596496
                 224;               594816
                 225;               596284
                 226;               600052
                 227;               592500
                 228;               598436
                 229;               651436
                 230;               593912
                 231;               604996
                 232;               597360
                 233;               597844
                 234;               600632
                 235;               596508
                 236;               598532
                 237;               597208
                 238;               599348
                 239;               597920
                 240;               596752
                 241;               580092
                 242;               592056
                 243;               594532
                 244;               595940
                 245;               596572
                 246;               597004
                 247;               594552
                 248;               598756
                 249;               591992
                 250;               636048
                 251;               606108
                 252;               713188
                 253;               719956
                 254;               654896
                 255;               602584
                 256;               648152
                 257;               610876
                 258;               690036
                 259;               602288
                 260;               601580
                 261;               604148
                 262;               601800
                 263;               688644
                 264;               602448
                 265;               606208
                 266;               604468
                 267;               626636
                 268;               605540
                 269;               671936
                 270;               604144
                 271;               606260
                 272;               604120
                 273;               607304
                 274;               660764
                 275;               593068
                 276;              1434668
                 277;               618492
                 278;               606988
                 279;               608628
                 280;               615208
                 281;               674296
                 282;               608000
                 283;               601756
                 284;               605268
                 285;               604164
                 286;               605508
                 287;               612704
                 288;               666832
                 289;               605012
                 290;               664968
                 291;               606216
                 292;               607804
                 293;               646416
                 294;               593148
                 295;               602776
                 296;               605156
                 297;               606620
                 298;               684588
                 299;               623056
                 300;               594312
                 301;               664580
                 302;               605708
                 303;               608064
                 304;               608612
                 305;               651312
                 306;               599600
                 307;               601288
                 308;               605772
                 309;               606804
                 310;               594712
                 311;               600456
                 312;               638988
                 313;               603532
                 314;               596432
                 315;               652300
                 316;               603892
                 317;               609356
                 318;               607356
                 319;               592848
                 320;               639196
                 321;               615056
                 322;               606192
                 323;               652132
                 324;               606076
                 325;               609844
                 326;               606152
                 327;               621956
                 328;               598912
                 329;               602836
                 330;               609772
                 331;               644852
                 332;               631084
                 333;               601324
                 334;               599620
                 335;               625152
                 336;               611452
                 337;               628712
                 338;               604052
                 339;               628156
                 340;               602924
                 341;               608856
                 342;               674216
                 343;               607264
                 344;               614984
                 345;               603944
                 346;               609992
                 347;               667848
                 348;               604404
                 349;               605988
                 350;               604884
                 351;               605724
                 352;               635400
                 353;               603196
                 354;               599508
                 355;               605724
                 356;               604236
                 357;               605360
                 358;               638228
                 359;               607124
