                   0;              1651628
                   1;               501976
                   2;               487752
                   3;               456136
                   4;               439072
                   5;               433768
                   6;               437924
                   7;               427208
                   8;               433116
                   9;               427048
                  10;               430660
                  11;               433768
                  12;               419496
                  13;               430744
                  14;               436208
                  15;               427776
                  16;               425496
                  17;               421204
                  18;               426252
                  19;               432600
                  20;               433428
                  21;               474260
                  22;               728800
                  23;               430520
                  24;               434328
                  25;               429284
                  26;               438532
                  27;               432160
                  28;               427268
                  29;               437844
                  30;               429208
                  31;               425812
                  32;               423856
                  33;               436380
                  34;               500636
                  35;               429844
                  36;               416788
                  37;               439452
                  38;               432772
                  39;               432704
                  40;               426148
                  41;               406420
                  42;               428136
                  43;               420628
                  44;               427892
                  45;               431932
                  46;               417412
                  47;               432936
                  48;               426756
                  49;               429604
                  50;               440896
                  51;               437584
                  52;               433268
                  53;               457160
                  54;               432512
                  55;               432164
                  56;               428564
                  57;               435028
                  58;               434124
                  59;               438412
                  60;               427104
                  61;               427500
                  62;               426732
                  63;               427064
                  64;               424604
                  65;               436180
                  66;               432756
                  67;               429944
                  68;               428188
                  69;               431880
                  70;               432084
                  71;               432900
                  72;               456852
                  73;               426696
                  74;               430652
                  75;               432248
                  76;               436924
                  77;               433352
                  78;               608220
                  79;               443880
                  80;               432772
                  81;               434808
                  82;               429760
                  83;               431404
                  84;               438388
                  85;               422992
                  86;               430400
                  87;               436960
                  88;               428900
                  89;               429596
                  90;               434544
                  91;               455672
                  92;               430152
                  93;               429828
                  94;               435828
                  95;               430584
                  96;               428292
                  97;               462520
                  98;               423844
                  99;               425716
                 100;               429120
                 101;               432836
                 102;               431216
                 103;               429604
                 104;               431676
                 105;               425060
                 106;               433288
                 107;               429100
                 108;               429400
                 109;               436164
                 110;               437136
                 111;               427780
                 112;               428740
                 113;               429216
                 114;               437264
                 115;               429380
                 116;               511732
                 117;              3008096
                 118;               502292
                 119;               438748
                 120;               434744
                 121;               431492
                 122;              5414980
                 123;               617028
                 124;               487452
                 125;               492348
                 126;               451060
                 127;               448648
                 128;               440284
                 129;               437376
                 130;               443692
                 131;               437788
                 132;               431992
                 133;               436892
                 134;               428560
                 135;               431060
                 136;               513116
                 137;               434020
                 138;               426112
                 139;               430996
                 140;               428432
                 141;               432384
                 142;               430396
                 143;               426748
                 144;               433456
                 145;               425136
                 146;               424080
                 147;               431400
                 148;               430920
                 149;               425408
                 150;               434944
                 151;               433692
                 152;               431884
                 153;               426180
                 154;               431748
                 155;               424252
                 156;               424528
                 157;               430428
                 158;               426124
                 159;               427084
                 160;               434572
                 161;               459500
                 162;               429092
                 163;               427600
                 164;               426664
                 165;               435384
                 166;               428504
                 167;               470844
                 168;               424780
                 169;               425976
                 170;               431964
                 171;               424284
                 172;               434196
                 173;               430780
                 174;               427556
                 175;               431488
                 176;               430768
                 177;               428492
                 178;               429680
                 179;               433652
                 180;               430772
                 181;               435868
                 182;               430972
                 183;               427692
                 184;               430300
                 185;               426756
                 186;               464968
                 187;               427408
                 188;               427520
                 189;               425892
                 190;               428132
                 191;               434736
                 192;               429828
                 193;               428132
                 194;               428504
                 195;               433588
                 196;               431500
                 197;               425848
                 198;               434000
                 199;               432560
                 200;               446600
                 201;               434300
                 202;               431756
                 203;               432132
                 204;               428568
                 205;               426692
                 206;               431904
                 207;               430700
                 208;               424620
                 209;               669492
                 210;               449928
                 211;               443912
                 212;               432836
                 213;               418548
                 214;              4100252
                 215;               533508
                 216;               464624
                 217;               720664
                 218;               446456
                 219;               468204
                 220;               445328
                 221;               435792
                 222;               436560
                 223;               435884
                 224;               425616
                 225;               436728
                 226;               431040
                 227;               428248
                 228;               433892
                 229;               489412
                 230;               430704
                 231;               431064
                 232;               429652
                 233;               429976
                 234;               427576
                 235;               429116
                 236;               429268
                 237;               428100
                 238;               433216
                 239;               430108
                 240;               431412
                 241;               430072
                 242;               428376
                 243;               429596
                 244;               426992
                 245;               431728
                 246;               428864
                 247;               429572
                 248;              2961188
                 249;               457740
                 250;               444324
                 251;               459684
                 252;               541548
                 253;              1593740
                 254;               555324
                 255;               478188
                 256;               450360
                 257;              2256452
                 258;               495336
                 259;               462024
                 260;               451856
                 261;               456916
                 262;              1068640
                 263;               451836
                 264;               452852
                 265;               445684
                 266;               442108
                 267;               437136
                 268;               443336
                 269;               447576
                 270;               806836
                 271;               454348
                 272;               447484
                 273;               472524
                 274;               446352
                 275;               445272
                 276;               436176
                 277;               436692
                 278;               442852
                 279;               444276
                 280;               491784
                 281;               497864
                 282;               441688
                 283;               441116
                 284;               441696
                 285;               441724
                 286;               549232
                 287;               443548
                 288;               450028
                 289;               452528
                 290;               425576
                 291;               438516
                 292;               466928
                 293;               439620
                 294;               441932
                 295;               421352
                 296;              1476544
                 297;               470192
                 298;               592828
                 299;               476456
                 300;               451608
                 301;               442332
                 302;               438084
                 303;               437800
                 304;               445284
                 305;               438660
                 306;               436736
                 307;               434660
                 308;               637440
                 309;               441144
                 310;               442064
                 311;               443024
                 312;               439268
                 313;               447388
                 314;               450376
                 315;               460224
                 316;               443744
                 317;               441168
                 318;               539400
                 319;               444732
                 320;               459108
                 321;               440284
                 322;               437384
                 323;               445012
                 324;               438888
                 325;               432652
                 326;               432836
                 327;               664344
                 328;               451476
                 329;               439532
                 330;               442248
                 331;               446112
                 332;               441844
                 333;               440496
                 334;               436824
                 335;               438020
                 336;               436772
                 337;               435268
                 338;               439396
                 339;               434812
                 340;               581328
                 341;               439936
                 342;               444952
                 343;               441996
                 344;               469152
                 345;               439460
                 346;               435236
                 347;               446488
                 348;               448332
                 349;               434616
                 350;              6827392
                 351;               442764
                 352;               440144
                 353;               438504
                 354;               615100
                 355;               435296
                 356;               446428
                 357;               438144
                 358;               440212
                 359;               441012
