                   0;              8660920
                   1;               439008
                   2;               432940
                   3;               431788
                   4;               426396
                   5;               427624
                   6;               426880
                   7;               434892
                   8;               420324
                   9;               424760
                  10;               434132
                  11;               428548
                  12;               432604
                  13;               430720
                  14;               432336
                  15;               438696
                  16;               445856
                  17;               429152
                  18;               427724
                  19;               434368
                  20;               429308
                  21;               431684
                  22;              4328344
                  23;               439784
                  24;               439624
                  25;               433584
                  26;               429424
                  27;              1417480
                  28;               447400
                  29;               529384
                  30;               432752
                  31;               448272
                  32;               430516
                  33;               432864
                  34;               430268
                  35;               427392
                  36;               447092
                  37;               437592
                  38;               426764
                  39;               430396
                  40;               424364
                  41;               431704
                  42;               432136
                  43;               427700
                  44;               441332
                  45;               433680
                  46;               429836
                  47;               430272
                  48;               436116
                  49;               431964
                  50;               433460
                  51;               418064
                  52;               437868
                  53;               434580
                  54;               432728
                  55;               424056
                  56;               430384
                  57;               430536
                  58;               433136
                  59;               427252
                  60;               435408
                  61;               432136
                  62;               427096
                  63;               430736
                  64;               432468
                  65;               429728
                  66;               432280
                  67;               425660
                  68;               434668
                  69;               435304
                  70;               425648
                  71;               430044
                  72;               432080
                  73;               431956
                  74;               420492
                  75;               428964
                  76;               444596
                  77;               460052
                  78;               433008
                  79;               430820
                  80;               428816
                  81;               426860
                  82;               422184
                  83;               426372
                  84;               445808
                  85;               468344
                  86;               429480
                  87;               426404
                  88;               429648
                  89;               430468
                  90;               430852
                  91;               433188
                  92;               439896
                  93;               419196
                  94;               424804
                  95;               430628
                  96;               426088
                  97;               430724
                  98;               427908
                  99;               430336
                 100;               444840
                 101;               430712
                 102;               428736
                 103;               430160
                 104;               431832
                 105;               431644
                 106;               433680
                 107;               433356
                 108;               437916
                 109;               430060
                 110;               432096
                 111;               429856
                 112;               437032
                 113;               427776
                 114;               429760
                 115;               442736
                 116;               466876
                 117;               417916
                 118;               425396
                 119;               438432
                 120;               430016
                 121;               426372
                 122;               434948
                 123;               441376
                 124;               430328
                 125;               426704
                 126;               430912
                 127;               432000
                 128;               446404
                 129;               431212
                 130;               442116
                 131;               435068
                 132;               430184
                 133;               431836
                 134;               427756
                 135;               424128
                 136;               430732
                 137;               427864
                 138;               437636
                 139;               520996
                 140;               431152
                 141;               417760
                 142;               427492
                 143;               432652
                 144;               432592
                 145;               430820
                 146;               437432
                 147;               427092
                 148;               424648
                 149;               431324
                 150;               424628
                 151;               431640
                 152;               431232
                 153;               430092
                 154;               433500
                 155;               427664
                 156;               433464
                 157;               431140
                 158;               433296
                 159;               433824
                 160;               430228
                 161;               436472
                 162;               427660
                 163;               430740
                 164;               431156
                 165;               427116
                 166;               425596
                 167;               430952
                 168;               429512
                 169;               438828
                 170;               463904
                 171;               420804
                 172;               433508
                 173;               433124
                 174;               430432
                 175;               430720
                 176;               432440
                 177;               437216
                 178;               428732
                 179;               427244
                 180;               427024
                 181;               423648
                 182;               434532
                 183;               437396
                 184;               425452
                 185;               435056
                 186;               427432
                 187;               432560
                 188;               435356
                 189;               432468
                 190;               425572
                 191;               431276
                 192;               436184
                 193;               466240
                 194;               443268
                 195;               435464
                 196;               430520
                 197;               432628
                 198;               434788
                 199;               440852
                 200;               430824
                 201;               435916
                 202;               553672
                 203;               418572
                 204;               432752
                 205;               435712
                 206;               431892
                 207;               435664
                 208;               432916
                 209;               433752
                 210;               427028
                 211;               429444
                 212;               430040
                 213;               425036
                 214;               419136
                 215;               427848
                 216;               441968
                 217;               443308
                 218;               431772
                 219;               436976
                 220;               431528
                 221;               429624
                 222;               437448
                 223;               429744
                 224;               444132
                 225;               434296
                 226;               432972
                 227;               414468
                 228;               433232
                 229;               431012
                 230;               428432
                 231;               432664
                 232;               434248
                 233;               426028
                 234;               429536
                 235;               430372
                 236;               428684
                 237;               429392
                 238;               418656
                 239;               440720
                 240;               483680
                 241;               431216
                 242;               429728
                 243;               428592
                 244;               428528
                 245;               430452
                 246;               429956
                 247;               442424
                 248;               426388
                 249;               428892
                 250;               432204
                 251;               476524
                 252;               503544
                 253;               637580
                 254;               436600
                 255;               445540
                 256;               474116
                 257;               431100
                 258;               426840
                 259;               430768
                 260;               435092
                 261;               431272
                 262;               499048
                 263;               569532
                 264;               432628
                 265;               431796
                 266;               434620
                 267;               484668
                 268;               450288
                 269;               444896
                 270;               434312
                 271;               436212
                 272;               430560
                 273;               427844
                 274;               471404
                 275;               543340
                 276;               461136
                 277;               442712
                 278;               441576
                 279;               464192
                 280;               428168
                 281;               429172
                 282;               433528
                 283;               431988
                 284;               432160
                 285;               433364
                 286;               435080
                 287;               453792
                 288;               431916
                 289;               431280
                 290;               428376
                 291;               429008
                 292;               433272
                 293;               438760
                 294;               456952
                 295;               436480
                 296;               427932
                 297;               432588
                 298;               429608
                 299;               435064
                 300;               432796
                 301;               442684
                 302;               470324
                 303;               471840
                 304;               435660
                 305;               434996
                 306;               430352
                 307;               436880
                 308;               433104
                 309;               436656
                 310;               445872
                 311;               434908
                 312;               428244
                 313;               431060
                 314;               427612
                 315;               420744
                 316;               437448
                 317;               437224
                 318;               460116
                 319;               434340
                 320;               431652
                 321;               434060
                 322;               526916
                 323;               449188
                 324;               432644
                 325;               466060
                 326;               429472
                 327;               428908
                 328;               428412
                 329;               471420
                 330;               444444
                 331;               435620
                 332;               434332
                 333;               430116
                 334;               427616
                 335;               431012
                 336;               430860
                 337;               430356
                 338;               437860
                 339;               445728
                 340;               440944
                 341;               429632
                 342;               429820
                 343;               431508
                 344;               424000
                 345;               488336
                 346;               447572
                 347;               442600
                 348;               464796
                 349;               433252
                 350;               434456
                 351;               427964
                 352;               431932
                 353;               431952
                 354;               470144
                 355;               455132
                 356;               439644
                 357;               427832
                 358;               432180
                 359;               430060
