                   0;              4074500
                   1;               479284
                   2;               476732
                   3;               447784
                   4;               439636
                   5;               434160
                   6;               436988
                   7;               425488
                   8;               433672
                   9;               440248
                  10;               434992
                  11;               435580
                  12;               434752
                  13;               425784
                  14;               430476
                  15;               434844
                  16;               435472
                  17;               430832
                  18;               439840
                  19;               430560
                  20;               429644
                  21;               443768
                  22;               435920
                  23;               444936
                  24;               437816
                  25;               434672
                  26;               432416
                  27;               434700
                  28;               432268
                  29;               435664
                  30;               434036
                  31;               435728
                  32;               498068
                  33;               433972
                  34;               428876
                  35;               435828
                  36;               431676
                  37;               439360
                  38;               422196
                  39;               430816
                  40;               437576
                  41;               431400
                  42;               432692
                  43;               422112
                  44;               435124
                  45;               435784
                  46;               433068
                  47;               425920
                  48;               418136
                  49;               432040
                  50;               440120
                  51;               428824
                  52;               432688
                  53;               425604
                  54;               437620
                  55;               430844
                  56;               437544
                  57;               432064
                  58;               430684
                  59;               432244
                  60;               434608
                  61;               435320
                  62;               435124
                  63;               427104
                  64;               431164
                  65;               432028
                  66;               433412
                  67;               431780
                  68;               430620
                  69;               434372
                  70;               427252
                  71;               429144
                  72;               437076
                  73;               429812
                  74;               429016
                  75;               432284
                  76;               473468
                  77;               431536
                  78;               439964
                  79;               429116
                  80;               430412
                  81;               433876
                  82;               426756
                  83;               432792
                  84;               430740
                  85;               430872
                  86;               433720
                  87;               432016
                  88;               434660
                  89;               425852
                  90;               439484
                  91;               428860
                  92;               430288
                  93;               432908
                  94;               433224
                  95;               429576
                  96;               427652
                  97;               430660
                  98;               433652
                  99;               428456
                 100;               437680
                 101;               429184
                 102;               429636
                 103;               429188
                 104;               430700
                 105;               436236
                 106;               430532
                 107;               434600
                 108;               424860
                 109;               429164
                 110;               434208
                 111;               432896
                 112;               431560
                 113;               432600
                 114;               433324
                 115;               428728
                 116;               433860
                 117;               428716
                 118;               425240
                 119;               433424
                 120;               432740
                 121;               429000
                 122;               428204
                 123;               428772
                 124;               431276
                 125;               436448
                 126;               461700
                 127;               425628
                 128;               424380
                 129;               438428
                 130;               437536
                 131;               431180
                 132;               432888
                 133;               425436
                 134;               435812
                 135;               440868
                 136;               430460
                 137;               428504
                 138;              5489336
                 139;               432936
                 140;               427220
                 141;               432236
                 142;               427008
                 143;               430304
                 144;               434392
                 145;               430208
                 146;               429624
                 147;               432488
                 148;               433504
                 149;               428880
                 150;               434264
                 151;               427204
                 152;               428204
                 153;               435124
                 154;               431020
                 155;               465832
                 156;               437424
                 157;               437316
                 158;               440384
                 159;               434124
                 160;               437940
                 161;               431144
                 162;               434092
                 163;               428604
                 164;               432944
                 165;               432148
                 166;               428756
                 167;               430384
                 168;               427156
                 169;               430312
                 170;               430984
                 171;               432720
                 172;               430880
                 173;               434948
                 174;               434948
                 175;               431396
                 176;               430404
                 177;               427292
                 178;               437236
                 179;               436064
                 180;               458596
                 181;               431184
                 182;               428492
                 183;               431688
                 184;               433808
                 185;               432524
                 186;               422916
                 187;               419540
                 188;               428156
                 189;               437376
                 190;               433252
                 191;               425048
                 192;               426820
                 193;               428236
                 194;               433612
                 195;               432928
                 196;               421940
                 197;               426404
                 198;               433196
                 199;               433336
                 200;               775056
                 201;               421292
                 202;               426868
                 203;               433916
                 204;               435288
                 205;               432808
                 206;               412764
                 207;               428508
                 208;               429784
                 209;               435968
                 210;               434684
                 211;               432560
                 212;               421176
                 213;               429484
                 214;               432732
                 215;               430116
                 216;               430452
                 217;               425012
                 218;               425880
                 219;               434316
                 220;               432520
                 221;               428324
                 222;               419204
                 223;               437848
                 224;               457576
                 225;               433896
                 226;               434096
                 227;               430628
                 228;               433492
                 229;               432132
                 230;               439408
                 231;               436228
                 232;               433008
                 233;               435020
                 234;               435408
                 235;               429996
                 236;               436692
                 237;               428580
                 238;               434172
                 239;               429520
                 240;               428952
                 241;               431152
                 242;               432192
                 243;               455720
                 244;               431828
                 245;               430912
                 246;               430112
                 247;               433412
                 248;               432084
                 249;               432428
                 250;               433572
                 251;               552064
                 252;               529876
                 253;               473752
                 254;               650536
                 255;               483524
                 256;               477016
                 257;               456448
                 258;               474200
                 259;               534988
                 260;               541144
                 261;               447768
                 262;               444244
                 263;               647668
                 264;               438688
                 265;               446692
                 266;               438416
                 267;               441056
                 268;               443512
                 269;               444144
                 270;               488336
                 271;               437720
                 272;               728852
                 273;               477440
                 274;               450888
                 275;               438896
                 276;               583220
                 277;               490060
                 278;               443460
                 279;               435392
                 280;               424380
                 281;               453380
                 282;               438280
                 283;               433368
                 284;               429024
                 285;               430488
                 286;               432712
                 287;               427476
                 288;               432588
                 289;               429548
                 290;               429284
                 291;               436244
                 292;               443140
                 293;               429936
                 294;               430100
                 295;               464512
                 296;               424208
                 297;               431064
                 298;               429396
                 299;               442832
                 300;               437164
                 301;               428196
                 302;               433864
                 303;               446276
                 304;               441884
                 305;               438732
                 306;               429840
                 307;               593296
                 308;               477540
                 309;               450812
                 310;               442340
                 311;               434072
                 312;               441272
                 313;               440316
                 314;              1697288
                 315;               658312
                 316;               453544
                 317;               460548
                 318;               450080
                 319;              5102880
                 320;               558260
                 321;               482960
                 322;               461112
                 323;               453336
                 324;               473152
                 325;               455108
                 326;               573652
                 327;               458816
                 328;               450436
                 329;               447488
                 330;               449268
                 331;               447044
                 332;               455128
                 333;               439540
                 334;               440424
                 335;               444228
                 336;               442384
                 337;               435104
                 338;               613180
                 339;               512212
                 340;               444984
                 341;               449452
                 342;               442828
                 343;               441176
                 344;               443564
                 345;               444060
                 346;               440360
                 347;               457396
                 348;               429772
                 349;               438596
                 350;               442276
                 351;               601040
                 352;               492040
                 353;               433800
                 354;               445276
                 355;               444592
                 356;               441796
                 357;               446844
                 358;               426636
                 359;               436876
