                   0;               686044
                   1;               609552
                   2;               596000
                   3;               581124
                   4;               596312
                   5;               596236
                   6;               599180
                   7;               598764
                   8;               598672
                   9;               596132
                  10;               599156
                  11;               596720
                  12;               601608
                  13;               596320
                  14;               596780
                  15;               596464
                  16;               595284
                  17;               594152
                  18;               594112
                  19;               596364
                  20;               597804
                  21;               592252
                  22;               601480
                  23;               580104
                  24;               588072
                  25;               596996
                  26;               593704
                  27;               597244
                  28;               599344
                  29;               593248
                  30;               602008
                  31;               597164
                  32;               597572
                  33;               597192
                  34;               596676
                  35;               598896
                  36;               755336
                  37;               678924
                  38;               608452
                  39;               630924
                  40;               603460
                  41;               598696
                  42;               599360
                  43;               670940
                  44;               600332
                  45;               601588
                  46;               599532
                  47;               593264
                  48;               597152
                  49;               579188
                  50;               588176
                  51;               675248
                  52;               598348
                  53;               594044
                  54;               597048
                  55;               596436
                  56;               601520
                  57;               598416
                  58;               595492
                  59;               642180
                  60;               594124
                  61;               594180
                  62;               595532
                  63;               596984
                  64;               592892
                  65;               597508
                  66;               594420
                  67;               596908
                  68;               592700
                  69;               585912
                  70;               590796
                  71;               598732
                  72;               596584
                  73;               597244
                  74;               596012
                  75;               592508
                  76;               590208
                  77;               587880
                  78;               593192
                  79;               595776
                  80;               639204
                  81;               596088
                  82;               597372
                  83;               596836
                  84;               595592
                  85;               600132
                  86;               595560
                  87;               593608
                  88;               596236
                  89;               593004
                  90;               597384
                  91;               593144
                  92;               592564
                  93;               594668
                  94;               592436
                  95;               597636
                  96;               579804
                  97;               604948
                  98;               599544
                  99;               596196
                 100;               596392
                 101;               631716
                 102;               592604
                 103;               599232
                 104;               592652
                 105;               595280
                 106;               601340
                 107;               591200
                 108;               594948
                 109;               634304
                 110;               595204
                 111;               600328
                 112;               593528
                 113;               598396
                 114;               599252
                 115;               593516
                 116;               590780
                 117;               597164
                 118;               594948
                 119;               597632
                 120;               597892
                 121;               593588
                 122;               597260
                 123;               587360
                 124;               586060
                 125;               596020
                 126;               594524
                 127;               597204
                 128;               590276
                 129;               593092
                 130;               593212
                 131;               593952
                 132;               597304
                 133;               599964
                 134;               594756
                 135;               595452
                 136;               594704
                 137;               597160
                 138;               636092
                 139;               598040
                 140;               594872
                 141;               597108
                 142;               599284
                 143;               582132
                 144;               593988
                 145;               601912
                 146;               599328
                 147;               599220
                 148;               597736
                 149;               599072
                 150;               598548
                 151;               585248
                 152;               592236
                 153;               598656
                 154;               594752
                 155;               597820
                 156;               596952
                 157;               605728
                 158;               600176
                 159;               600776
                 160;               598924
                 161;               599296
                 162;               664492
                 163;               582596
                 164;               602168
                 165;               592416
                 166;               598536
                 167;               602112
                 168;               595608
                 169;               594076
                 170;               637192
                 171;               585440
                 172;               597116
                 173;               596600
                 174;               598996
                 175;               598584
                 176;               593272
                 177;               598260
                 178;               595904
                 179;               592956
                 180;               599572
                 181;               592752
                 182;               595476
                 183;               582104
                 184;               595528
                 185;               598916
                 186;               594928
                 187;               595760
                 188;               598344
                 189;               592860
                 190;               589744
                 191;               723748
                 192;               593440
                 193;               595964
                 194;               597824
                 195;               597524
                 196;               597228
                 197;               596812
                 198;               588232
                 199;               590988
                 200;               600024
                 201;               599640
                 202;               593748
                 203;               594868
                 204;               596280
                 205;               596760
                 206;               593768
                 207;               596044
                 208;               596324
                 209;               596176
                 210;               576484
                 211;               597640
                 212;               637020
                 213;               598420
                 214;               598628
                 215;               593060
                 216;               596316
                 217;               602804
                 218;               596136
                 219;               597136
                 220;               600224
                 221;               595840
                 222;               594996
                 223;               597496
                 224;               600620
                 225;               588432
                 226;               596280
                 227;               595792
                 228;               593852
                 229;               593436
                 230;               598508
                 231;               596344
                 232;               593124
                 233;               642636
                 234;               593612
                 235;               596324
                 236;               594260
                 237;               579172
                 238;               598328
                 239;               599320
                 240;               594668
                 241;               594808
                 242;               597492
                 243;               599192
                 244;               598848
                 245;               592932
                 246;               593988
                 247;               593576
                 248;               593224
                 249;               594860
                 250;               594552
                 251;               618524
                 252;               662112
                 253;               616116
                 254;               614236
                 255;               768964
                 256;               606608
                 257;               606308
                 258;               608840
                 259;               600528
                 260;               603324
                 261;               604880
                 262;               610184
                 263;               632460
                 264;               597936
                 265;               598008
                 266;               606132
                 267;               615928
                 268;               658928
                 269;               661000
                 270;               587384
                 271;               602880
                 272;               609768
                 273;               608924
                 274;               595096
                 275;               599064
                 276;               601852
                 277;              1469352
                 278;               620724
                 279;               617872
                 280;               599336
                 281;               601388
                 282;               600168
                 283;               646884
                 284;               605216
                 285;               673032
                 286;               599420
                 287;               599116
                 288;               595324
                 289;               599488
                 290;               600724
                 291;               590520
                 292;               601644
                 293;               673108
                 294;               604708
                 295;               601236
                 296;               584372
                 297;               598212
                 298;               591224
                 299;               594132
                 300;               599752
                 301;               599960
                 302;               594244
                 303;               604792
                 304;               597892
                 305;               594192
                 306;               599720
                 307;               595480
                 308;               598524
                 309;               592104
                 310;               596128
                 311;               597588
                 312;               596796
                 313;               594404
                 314;               601128
                 315;               599632
                 316;               577672
                 317;               663092
                 318;               589000
                 319;               598012
                 320;               593712
                 321;               602064
                 322;               599704
                 323;               613740
                 324;               605552
                 325;               649388
                 326;               604960
                 327;               607532
                 328;               642900
                 329;               600032
                 330;               604220
                 331;               606160
                 332;               605664
                 333;               597852
                 334;               606192
                 335;               607940
                 336;               592204
                 337;               656452
                 338;               593084
                 339;               605924
                 340;               599044
                 341;               607116
                 342;               625720
                 343;               607588
                 344;               648504
                 345;               604680
                 346;               601352
                 347;               602668
                 348;               607120
                 349;               604752
                 350;               601216
                 351;               596832
                 352;               605212
                 353;               608024
                 354;               601404
                 355;               601884
                 356;               604920
                 357;               605488
                 358;               617056
                 359;               600828
