                   0;             73165172
                   1;             69349812
                   2;             68612232
                   3;             69127328
                   4;             68597496
                   5;             69401452
                   6;             68493800
                   7;             68903856
                   8;             68314564
                   9;             68989288
                  10;             68472568
                  11;             68846576
                  12;             68316256
                  13;             68573248
                  14;             69628724
                  15;             68475460
                  16;             68007372
                  17;             68282816
                  18;             67995968
                  19;             68158124
                  20;             67820232
                  21;             67899820
                  22;             67667840
                  23;             67828868
                  24;             67589164
                  25;             67492772
                  26;             67368860
                  27;             67416728
                  28;             67342564
                  29;             68138676
                  30;             67269896
                  31;             67319236
                  32;             67657520
                  33;             67148388
                  34;             67155944
                  35;             67173036
                  36;             67124292
                  37;             67035912
                  38;             67112888
                  39;             67075852
                  40;             66987276
                  41;             67033852
                  42;             67053372
                  43;             66937712
                  44;             66825652
                  45;             66813208
                  46;             66832664
                  47;             66777308
                  48;             66767284
                  49;             67786992
                  50;             66774804
                  51;             66828988
                  52;             66776324
                  53;             66724556
                  54;             66746016
                  55;             66643744
                  56;             66580152
                  57;             66668068
                  58;             66687248
                  59;             66608584
                  60;             66765956
                  61;             66654104
                  62;             66663328
                  63;             66672340
                  64;             67127452
                  65;             66707008
                  66;             67808724
                  67;             66846692
                  68;             66576080
                  69;             66788708
                  70;             66893360
                  71;             66729588
                  72;             66699800
                  73;             66721660
                  74;             66634260
                  75;             66707036
                  76;             66674764
                  77;             67392000
                  78;             66646372
                  79;             66694808
                  80;             66603984
                  81;             66720580
                  82;             66571392
                  83;             67476076
                  84;             67066644
                  85;             66749980
                  86;             67546720
                  87;             66700092
                  88;             66655180
                  89;             66632304
                  90;             66684032
                  91;             66673464
                  92;             66699900
                  93;             66683148
                  94;             66657808
                  95;             66513484
                  96;             66670900
                  97;             66578232
                  98;             66566188
                  99;             66624708
                 100;             66792872
                 101;             67674500
                 102;             66653824
                 103;             66616980
                 104;             66477448
                 105;             66659496
                 106;             66595080
                 107;             66484148
                 108;             66623668
                 109;             66590448
                 110;             66593948
                 111;             66613564
                 112;             66617372
                 113;             66619792
                 114;             66529708
                 115;             66599792
                 116;             66599184
                 117;             66519372
                 118;             67457308
                 119;             66570264
                 120;             66440488
                 121;             66460752
                 122;             66590644
                 123;             66516524
                 124;             66575876
                 125;             66801088
                 126;             66563704
                 127;             66414176
                 128;             66664352
                 129;             66473976
                 130;             66448684
                 131;             66544728
                 132;             66409672
                 133;             66522228
                 134;             66520940
                 135;             66535284
                 136;             66867688
                 137;             66519460
                 138;             66587276
                 139;             66528072
                 140;             66548376
                 141;             66497100
                 142;             66557372
                 143;             66467868
                 144;             66407932
                 145;             66453752
                 146;             66455336
                 147;             66421164
                 148;             66489480
                 149;             66402380
                 150;             66576152
                 151;             66434984
                 152;             66506576
                 153;             68211432
                 154;             66596756
                 155;             66475480
                 156;             66584452
                 157;             66473584
                 158;             66531064
                 159;             66459736
                 160;             66507708
                 161;             66492272
                 162;             66464916
                 163;             66425104
                 164;             66466948
                 165;             66530760
                 166;             66465548
                 167;             66498772
                 168;             66549508
                 169;             66454920
                 170;             67319352
                 171;             66479940
                 172;             66420224
                 173;             66597576
                 174;             66511904
                 175;             66529336
                 176;             66587600
                 177;             66409388
                 178;             66399244
                 179;             66578932
                 180;             66396684
                 181;             66538044
                 182;             66485072
                 183;             66508704
                 184;             66643592
                 185;             66479488
                 186;             66372236
                 187;             66446316
                 188;             67354260
                 189;             66443492
                 190;             66534680
                 191;             66353216
                 192;             66478540
                 193;             66431500
                 194;             66435372
                 195;             66489136
                 196;             66444892
                 197;             66485860
                 198;             66526368
                 199;             66419500
                 200;             66486368
                 201;             66498388
                 202;             66719308
                 203;             66575036
                 204;             66504544
                 205;             70176928
                 206;             66503740
                 207;             66493488
                 208;             66601624
                 209;             66849640
                 210;             67188140
                 211;             67721952
                 212;             67573552
                 213;             73523920
                 214;             68061380
                 215;             68326756
                 216;             68390016
                 217;             68706484
                 218;             68897592
                 219;             68505044
                 220;             69147804
                 221;             68481580
                 222;             71216788
                 223;             68205080
                 224;             69008116
                 225;             68745744
                 226;             68939468
                 227;             68627580
                 228;             68157816
                 229;             67970008
                 230;             68568208
                 231;             68315488
                 232;             69215260
                 233;             67891456
                 234;             69155284
                 235;             68955036
                 236;             68926708
                 237;             68712092
                 238;             68922208
                 239;             73769892
                 240;             68118812
                 241;             68187232
                 242;             68157104
                 243;             67931540
                 244;             67973856
                 245;             67962608
                 246;             68067696
                 247;             67900928
                 248;             67755296
                 249;             67788924
                 250;             67831648
                 251;             68436416
                 252;             68385728
                 253;             68492788
                 254;             68403332
                 255;             68732692
                 256;             73906996
                 257;             68400232
                 258;             68435452
                 259;             68128464
                 260;             68224512
                 261;             68386884
                 262;             68328988
                 263;             68567168
                 264;             68175592
                 265;             68302112
                 266;             68125860
                 267;             68322528
                 268;             68144920
                 269;             68341416
                 270;             68019224
                 271;             68195040
                 272;             68013060
                 273;             69062488
                 274;             68157088
                 275;             68009780
                 276;             68023004
                 277;             67862748
                 278;             67945900
                 279;             68023916
                 280;             67901876
                 281;             67786056
                 282;             67823728
                 283;             67815472
                 284;             68009484
                 285;             67962640
                 286;             67912664
                 287;             67835532
                 288;             67959468
                 289;             67824736
                 290;             68533864
                 291;             67926416
                 292;             67842080
                 293;             67891804
                 294;             67843132
                 295;             67913672
                 296;             67838504
                 297;             67679276
                 298;             67745080
                 299;             67724572
                 300;             68039852
                 301;             67749468
                 302;             67667808
                 303;             67760284
                 304;             67702268
                 305;             67785180
                 306;             67585976
                 307;             67510776
                 308;             67544792
                 309;             67566104
                 310;             67664380
                 311;             67612808
                 312;             67456740
                 313;             67527144
                 314;             67526156
                 315;             67830352
                 316;             67510372
                 317;             67509004
                 318;             67609104
                 319;             67482988
                 320;             67423700
                 321;             67537628
                 322;             67508472
                 323;             67540100
                 324;             67524060
                 325;             67760236
                 326;             67432944
                 327;             67533912
                 328;             67590108
                 329;             67616092
                 330;             67562576
                 331;             67774376
                 332;             67413508
                 333;             67376728
                 334;             67468852
                 335;             67433368
                 336;             67492300
                 337;             67592368
                 338;             67333232
                 339;             67534480
                 340;             67283352
                 341;             67213736
                 342;             67338672
                 343;             67224148
                 344;             66957712
                 345;             66809772
                 346;             66735136
                 347;             66833952
                 348;             66819676
                 349;             66908968
                 350;             69489296
                 351;             66859004
                 352;             66865912
                 353;             67044772
                 354;             66941024
                 355;             66948716
                 356;             67071828
                 357;             69860976
                 358;             67464668
                 359;             67403724
