                   0;             28010376
                   1;             23520500
                   2;             23437288
                   3;             23469340
                   4;             23473828
                   5;             23471168
                   6;             23467268
                   7;             23499288
                   8;             23451256
                   9;             23452392
                  10;             23443120
                  11;             23484768
                  12;             23467384
                  13;             23483688
                  14;             23457416
                  15;             23451484
                  16;             23443680
                  17;             23460500
                  18;             23465332
                  19;             23496852
                  20;             23469928
                  21;             23453496
                  22;             23581708
                  23;             23511848
                  24;             23471264
                  25;             23466164
                  26;             23470312
                  27;             23447928
                  28;             23438772
                  29;             23420128
                  30;             24387436
                  31;             23551876
                  32;             23455880
                  33;             23452516
                  34;             23450276
                  35;             23441876
                  36;             23468644
                  37;             23458464
                  38;             23482080
                  39;             23478356
                  40;             23449828
                  41;             23459032
                  42;             23441772
                  43;             23465128
                  44;             23663832
                  45;             23465276
                  46;             23459824
                  47;             23450832
                  48;             23455324
                  49;             23442136
                  50;             23474360
                  51;             23478936
                  52;             23449500
                  53;             23457232
                  54;             23446172
                  55;             23450864
                  56;             23468824
                  57;             23479196
                  58;             23475076
                  59;             23460728
                  60;             23435484
                  61;             23484364
                  62;             23450872
                  63;             23469852
                  64;             23468868
                  65;             23475012
                  66;             24374032
                  67;             23669248
                  68;             23494848
                  69;             23493440
                  70;             23476860
                  71;             23461356
                  72;             23456908
                  73;             23451820
                  74;             23445848
                  75;             23549888
                  76;             23480476
                  77;             23714112
                  78;             23453112
                  79;             23500628
                  80;             23450620
                  81;             23532048
                  82;             23472968
                  83;             23471636
                  84;             23496048
                  85;             23462096
                  86;             23447428
                  87;             23449788
                  88;             23446500
                  89;             23488536
                  90;             23465856
                  91;             23500268
                  92;             23471992
                  93;             23440852
                  94;             23446332
                  95;             23455224
                  96;             23474228
                  97;             23476632
                  98;             23485572
                  99;             23454060
                 100;             23461556
                 101;             23436740
                 102;             24188464
                 103;             23661544
                 104;             23477308
                 105;             23415096
                 106;             23438432
                 107;             23446948
                 108;             23478408
                 109;             23463244
                 110;             23487972
                 111;             23456500
                 112;             23446008
                 113;             23463112
                 114;             23468520
                 115;             23514312
                 116;             23465908
                 117;             23467432
                 118;             23442952
                 119;             23440660
                 120;             23455744
                 121;             23462060
                 122;             23481888
                 123;             23492216
                 124;             23462412
                 125;             23474620
                 126;             23439564
                 127;             23443008
                 128;             23484888
                 129;             23486696
                 130;             23487508
                 131;             23470304
                 132;             23443928
                 133;             23443924
                 134;             23443256
                 135;             23468800
                 136;             23464092
                 137;             23518676
                 138;             23478768
                 139;             23785732
                 140;             23536312
                 141;             23531972
                 142;             23465128
                 143;             23475496
                 144;             23460856
                 145;             23459980
                 146;             23460032
                 147;             23493168
                 148;             23470180
                 149;             23466912
                 150;             23478308
                 151;             23477352
                 152;             23481720
                 153;             23444544
                 154;             23495752
                 155;             23468864
                 156;             23479124
                 157;             23457412
                 158;             23432512
                 159;             23455064
                 160;             23455836
                 161;             23490540
                 162;             23527252
                 163;             23471760
                 164;             23408016
                 165;             23469096
                 166;             23466632
                 167;             23456564
                 168;             23496120
                 169;             23467132
                 170;             23474496
                 171;             23502660
                 172;             23452904
                 173;             23466508
                 174;             23454804
                 175;             23798200
                 176;             23517900
                 177;             23464300
                 178;             23443624
                 179;             23449240
                 180;             23477644
                 181;             23462772
                 182;             23468660
                 183;             23442104
                 184;             23445776
                 185;             23446208
                 186;             23442172
                 187;             23468548
                 188;             23475096
                 189;             23467936
                 190;             23459128
                 191;             23427468
                 192;             23464252
                 193;             23443428
                 194;             23490060
                 195;             23465064
                 196;             23465200
                 197;             23463624
                 198;             23449512
                 199;             23475116
                 200;             23486328
                 201;             23470700
                 202;             23480396
                 203;             23462368
                 204;             23438724
                 205;             23438816
                 206;             23502080
                 207;             23468396
                 208;             23499124
                 209;             23475660
                 210;             23469452
                 211;             24243928
                 212;             23520036
                 213;             23477104
                 214;             23505588
                 215;             23477120
                 216;             23454176
                 217;             23444164
                 218;             23453916
                 219;             23444752
                 220;             23468252
                 221;             23480328
                 222;             23454324
                 223;             23450984
                 224;             23460804
                 225;             23464848
                 226;             23479484
                 227;             23480012
                 228;             23454744
                 229;             23447976
                 230;             23496344
                 231;             23474332
                 232;             23510580
                 233;             23463916
                 234;             23479568
                 235;             23440444
                 236;             23443860
                 237;             23418020
                 238;             23519612
                 239;             23469964
                 240;             23474436
                 241;             23460392
                 242;             23440472
                 243;             23444328
                 244;             23474092
                 245;             23467696
                 246;             23486352
                 247;             24300864
                 248;             23479392
                 249;             23455240
                 250;             23467592
                 251;             23728072
                 252;             23528912
                 253;             23570400
                 254;             23585512
                 255;             23749096
                 256;             23604380
                 257;             23581288
                 258;             23528680
                 259;             23583644
                 260;             23465192
                 261;             23469776
                 262;             23430948
                 263;             23485380
                 264;             23468252
                 265;             23421116
                 266;             23438616
                 267;             23426848
                 268;             23433976
                 269;             23462840
                 270;             23412644
                 271;             23426252
                 272;             23424404
                 273;             23501060
                 274;             23440540
                 275;             23431472
                 276;             23419528
                 277;             23438428
                 278;             23419992
                 279;             23436480
                 280;             23423004
                 281;             23470192
                 282;             23454804
                 283;             24276836
                 284;             23488612
                 285;             23539416
                 286;             23470732
                 287;             23440784
                 288;             23411012
                 289;             23413420
                 290;             23426020
                 291;             23457012
                 292;             23439176
                 293;             23470972
                 294;             23410912
                 295;             23441100
                 296;             23410876
                 297;             23423840
                 298;             23439496
                 299;             23441168
                 300;             23454088
                 301;             23433532
                 302;             23413852
                 303;             23427788
                 304;             23474480
                 305;             23472216
                 306;             23515812
                 307;             23777240
                 308;             23435748
                 309;             23477548
                 310;             23792728
                 311;             23548468
                 312;             23506680
                 313;             23507364
                 314;             23493324
                 315;             23534496
                 316;             23486008
                 317;             24073316
                 318;             23513372
                 319;             24522612
                 320;             24008436
                 321;             23687904
                 322;             23761144
                 323;             23718800
                 324;             23685564
                 325;             23677640
                 326;             23793092
                 327;             23649616
                 328;             23661124
                 329;             23700788
                 330;             23791808
                 331;             23742924
                 332;             23641728
                 333;             23724016
                 334;             23705412
                 335;             23777640
                 336;             23689036
                 337;             23654248
                 338;             23647640
                 339;             23754532
                 340;             23708540
                 341;             23637884
                 342;             23721688
                 343;             24022148
                 344;             23746848
                 345;             23671492
                 346;             23679336
                 347;             23721764
                 348;             23678816
                 349;             23636292
                 350;             23755496
                 351;             23687480
                 352;             23637452
                 353;             23679304
                 354;             23670152
                 355;             24161372
                 356;             23918528
                 357;             23746280
                 358;             23688068
                 359;             23701176
