                   0;             79656744
                   1;             77035260
                   2;             76961800
                   3;             76990264
                   4;             77056168
                   5;             77417388
                   6;             77100496
                   7;             77108808
                   8;             77158128
                   9;             77162848
                  10;             77181076
                  11;             77239596
                  12;             77224568
                  13;             77280280
                  14;             77260324
                  15;             77252952
                  16;             77278428
                  17;             77270240
                  18;             78111752
                  19;             77273644
                  20;             78400920
                  21;             77330700
                  22;             77270232
                  23;             77305160
                  24;             77305824
                  25;             77246340
                  26;             77325096
                  27;             77376924
                  28;             77342428
                  29;             77279880
                  30;             77346660
                  31;             77349876
                  32;             77282860
                  33;             77300080
                  34;             77300092
                  35;             78120624
                  36;             78282140
                  37;             77355312
                  38;             77304772
                  39;             77328600
                  40;             77320004
                  41;             77348408
                  42;             77319052
                  43;             77375644
                  44;             77319464
                  45;             77366984
                  46;             77306328
                  47;             77311760
                  48;             77293452
                  49;             77357148
                  50;             77273816
                  51;             78254044
                  52;             77324380
                  53;             77243012
                  54;             77245764
                  55;             77267880
                  56;             77240004
                  57;             77262840
                  58;             77330916
                  59;             77265376
                  60;             77316100
                  61;             77265844
                  62;             77329240
                  63;             77312884
                  64;             77291064
                  65;             77250960
                  66;             78757100
                  67;             77361468
                  68;             77324912
                  69;             77677284
                  70;             77319836
                  71;             77263488
                  72;             77247500
                  73;             77311772
                  74;             77236752
                  75;             77286612
                  76;             77202696
                  77;             77235512
                  78;             77208916
                  79;             77206612
                  80;             77150596
                  81;             77970024
                  82;             77367504
                  83;             77194336
                  84;             77214576
                  85;             77210016
                  86;             77306340
                  87;             76192560
                  88;             77171960
                  89;             77232524
                  90;             77204756
                  91;             77199944
                  92;             77167076
                  93;             77205224
                  94;             77186952
                  95;             77236000
                  96;             77190188
                  97;             77957188
                  98;             77176772
                  99;             77179188
                 100;             77164120
                 101;             77201908
                 102;             77168780
                 103;             77181860
                 104;             77182708
                 105;             77213288
                 106;             77162872
                 107;             77195244
                 108;             77132344
                 109;             77189856
                 110;             77188700
                 111;             77235308
                 112;             78270404
                 113;             77200856
                 114;             77164140
                 115;             77200428
                 116;             77165072
                 117;             77199632
                 118;             77145728
                 119;             77181872
                 120;             77493460
                 121;             77233456
                 122;             77160008
                 123;             77216592
                 124;             77129184
                 125;             77174324
                 126;             77176836
                 127;             77164600
                 128;             77392188
                 129;             77150464
                 130;             77117624
                 131;             77157476
                 132;             77197664
                 133;             77135732
                 134;             77098576
                 135;             77153504
                 136;             77110384
                 137;             77219416
                 138;             77156796
                 139;             77128384
                 140;             77146144
                 141;             77132536
                 142;             77107260
                 143;             78152488
                 144;             77134892
                 145;             77122576
                 146;             77183444
                 147;             77083068
                 148;             77195552
                 149;             77081808
                 150;             77120060
                 151;             77088868
                 152;             77113104
                 153;             77116152
                 154;             77117900
                 155;             77100580
                 156;             77135148
                 157;             77117448
                 158;             77966896
                 159;             77158696
                 160;             77133680
                 161;             77113584
                 162;             77110568
                 163;             77842616
                 164;             77115576
                 165;             77120188
                 166;             77143964
                 167;             77058032
                 168;             77120332
                 169;             77143080
                 170;             77104264
                 171;             77108728
                 172;             77471456
                 173;             77116460
                 174;             78142432
                 175;             76954308
                 176;             76963848
                 177;             77063452
                 178;             76976348
                 179;             76967644
                 180;             77078204
                 181;             77057476
                 182;             77035168
                 183;             77003964
                 184;             77052572
                 185;             77062948
                 186;             77066860
                 187;             77051064
                 188;             77117260
                 189;             78151380
                 190;             77136796
                 191;             77083556
                 192;             77081856
                 193;             77084224
                 194;             77097076
                 195;             77070592
                 196;             77094528
                 197;             77143692
                 198;             77103676
                 199;             77108588
                 200;             77127004
                 201;             77237292
                 202;             77075180
                 203;             77037444
                 204;             77021428
                 205;             77309500
                 206;             77046576
                 207;             77073768
                 208;             77028776
                 209;             77043396
                 210;             77058124
                 211;             77024000
                 212;             77056408
                 213;             77037944
                 214;             77066224
                 215;             77031380
                 216;             77005904
                 217;             77000708
                 218;             77003460
                 219;             76944092
                 220;             77998480
                 221;             76958948
                 222;             76966600
                 223;             77031296
                 224;             77020288
                 225;             77274436
                 226;             76913304
                 227;             76936184
                 228;             76998344
                 229;             77045712
                 230;             77057520
                 231;             77087984
                 232;             77088312
                 233;             77150520
                 234;             77245272
                 235;             78043700
                 236;             77500068
                 237;             77043664
                 238;             77133724
                 239;             77249680
                 240;             77232036
                 241;             77266968
                 242;             77262864
                 243;             77255480
                 244;             77274140
                 245;             77254328
                 246;             77249248
                 247;             77281480
                 248;             77300024
                 249;             77347024
                 250;             77275500
                 251;             78860284
                 252;             77780964
                 253;             77812316
                 254;             77680192
                 255;             78012020
                 256;             77380796
                 257;             77265436
                 258;             77305800
                 259;             77303304
                 260;             77318988
                 261;             77269432
                 262;             77286724
                 263;             77252868
                 264;             77275908
                 265;             77290936
                 266;             77278936
                 267;             77244836
                 268;             77246004
                 269;             77251612
                 270;             77216324
                 271;             77205596
                 272;             77217732
                 273;             77220596
                 274;             77979340
                 275;             77397316
                 276;             78131492
                 277;             77689348
                 278;             77398516
                 279;             77351028
                 280;             78116752
                 281;             78210640
                 282;             78053628
                 283;             78228300
                 284;             78259368
                 285;             77984740
                 286;             78021592
                 287;             78113784
                 288;             77972560
                 289;             78068908
                 290;             77998464
                 291;             78056756
                 292;             78501056
                 293;             77526364
                 294;             77387480
                 295;             77381384
                 296;             77396756
                 297;             77488776
                 298;             78815708
                 299;             77420668
                 300;             77497896
                 301;             77364964
                 302;             77383228
                 303;             78725468
                 304;             77410220
                 305;             77368876
                 306;             77391752
                 307;             77380072
                 308;             77427552
                 309;             78739520
                 310;             77401592
                 311;             77399892
                 312;             77408472
                 313;             77372748
                 314;             78726076
                 315;             77386564
                 316;             77404668
                 317;             77395280
                 318;             77381720
                 319;             77394368
                 320;             78870220
                 321;             77381168
                 322;             77414596
                 323;             77376852
                 324;             77444496
                 325;             78762220
                 326;             77485324
                 327;             77426584
                 328;             77417704
                 329;             77418300
                 330;             77426760
                 331;             77693988
                 332;             77362840
                 333;             77185248
                 334;             77156412
                 335;             77238396
                 336;             77370016
                 337;             77329212
                 338;             77363512
                 339;             77327012
                 340;             78659112
                 341;             77384212
                 342;             77420124
                 343;             77432992
                 344;             77349136
                 345;             78736408
                 346;             77356412
                 347;             77347632
                 348;             77361492
                 349;             77391968
                 350;             77387044
                 351;             78705652
                 352;             77372092
                 353;             77404640
                 354;             77351920
                 355;             77351248
                 356;             78772160
                 357;             77366464
                 358;             77392120
                 359;             77390588
