                   0;             36560800
                   1;             32124072
                   2;             32108612
                   3;             32167996
                   4;             32119140
                   5;             32155988
                   6;             32157312
                   7;             32164204
                   8;             32148996
                   9;             32151788
                  10;             32145836
                  11;             32130760
                  12;             32136012
                  13;             32130228
                  14;             32132156
                  15;             32117980
                  16;             32120644
                  17;             32534172
                  18;             32120328
                  19;             32156092
                  20;             32180256
                  21;             32117448
                  22;             32143508
                  23;             32135728
                  24;             32133732
                  25;             32134052
                  26;             32148676
                  27;             32130168
                  28;             32137864
                  29;             32133108
                  30;             32132188
                  31;             32131868
                  32;             32130024
                  33;             32131728
                  34;             32134580
                  35;             32131700
                  36;             32132732
                  37;             32146284
                  38;             32128276
                  39;             32132336
                  40;             32136328
                  41;             32161528
                  42;             32128280
                  43;             32140460
                  44;             32147544
                  45;             32115488
                  46;             32165072
                  47;             32349816
                  48;             32174116
                  49;             32143432
                  50;             32145260
                  51;             32169556
                  52;             32153312
                  53;             32170456
                  54;             32176996
                  55;             32166028
                  56;             32172972
                  57;             32179740
                  58;             32151496
                  59;             32127160
                  60;             32162888
                  61;             32154140
                  62;             32153964
                  63;             32125640
                  64;             32137800
                  65;             32197372
                  66;             32175180
                  67;             32189700
                  68;             32165360
                  69;             32170488
                  70;             32171776
                  71;             32187220
                  72;             32191516
                  73;             32152488
                  74;             32190144
                  75;             32175588
                  76;             32455032
                  77;             32178104
                  78;             32110908
                  79;             32125888
                  80;             32146624
                  81;             32176680
                  82;             32159624
                  83;             32157116
                  84;             32154760
                  85;             32153144
                  86;             32175304
                  87;             32183764
                  88;             32180668
                  89;             32162916
                  90;             32150316
                  91;             32145344
                  92;             32163076
                  93;             32154532
                  94;             32124408
                  95;             32149796
                  96;             32140712
                  97;             32124136
                  98;             32175464
                  99;             32149932
                 100;             32148532
                 101;             32140056
                 102;             32134196
                 103;             32146308
                 104;             32188040
                 105;             32148560
                 106;             32430020
                 107;             32138380
                 108;             32174960
                 109;             32150568
                 110;             32153888
                 111;             32155280
                 112;             32135760
                 113;             32142408
                 114;             32179988
                 115;             32178360
                 116;             32171740
                 117;             32146052
                 118;             32137664
                 119;             32170176
                 120;             32109048
                 121;             32139568
                 122;             32143368
                 123;             32147228
                 124;             32143992
                 125;             32187712
                 126;             32146976
                 127;             32166828
                 128;             32118416
                 129;             32141764
                 130;             32118660
                 131;             32121640
                 132;             32120104
                 133;             32123228
                 134;             32117324
                 135;             32158328
                 136;             32447700
                 137;             32120236
                 138;             32124904
                 139;             32157776
                 140;             32161976
                 141;             32185148
                 142;             32186640
                 143;             32143648
                 144;             32219096
                 145;             32164548
                 146;             33848024
                 147;             32143552
                 148;             32152712
                 149;             32156916
                 150;             32151668
                 151;             32144240
                 152;             32181992
                 153;             32169424
                 154;             32177184
                 155;             32164048
                 156;             32157436
                 157;             32180628
                 158;             32179996
                 159;             32175660
                 160;             32128472
                 161;             32164168
                 162;             32151088
                 163;             32137036
                 164;             32134412
                 165;             32188600
                 166;             32185976
                 167;             32131556
                 168;             32143260
                 169;             32140588
                 170;             32156668
                 171;             32171504
                 172;             32145252
                 173;             32143088
                 174;             32163380
                 175;             32135828
                 176;             32132672
                 177;             32146804
                 178;             32131388
                 179;             32151856
                 180;             32162620
                 181;             32145536
                 182;             32151712
                 183;             32173824
                 184;             32162872
                 185;             32173436
                 186;             32180572
                 187;             32161124
                 188;             32151940
                 189;             32150600
                 190;             32159336
                 191;             32160876
                 192;             32147592
                 193;             32121952
                 194;             32153108
                 195;             32427868
                 196;             32180704
                 197;             32145320
                 198;             32150072
                 199;             32155620
                 200;             32148652
                 201;             32178596
                 202;             32166792
                 203;             32178548
                 204;             32146472
                 205;             32192068
                 206;             32190272
                 207;             32160964
                 208;             32156188
                 209;             32141876
                 210;             32151884
                 211;             32144752
                 212;             32154772
                 213;             32163580
                 214;             32240004
                 215;             32145276
                 216;             32167824
                 217;             32134128
                 218;             32156560
                 219;             32160040
                 220;             32227236
                 221;             32239972
                 222;             32194320
                 223;             32190336
                 224;             32176580
                 225;             32491616
                 226;             32209508
                 227;             32209656
                 228;             32199456
                 229;             32166476
                 230;             32221276
                 231;             32239984
                 232;             32228028
                 233;             32227596
                 234;             32280380
                 235;             32210200
                 236;             32205464
                 237;             32220108
                 238;             32190912
                 239;             32180416
                 240;             32212856
                 241;             32170208
                 242;             32194480
                 243;             32178996
                 244;             32194832
                 245;             32266888
                 246;             33350296
                 247;             32213824
                 248;             32163180
                 249;             32143436
                 250;             32197988
                 251;             33650140
                 252;             32404524
                 253;             33348136
                 254;             32789216
                 255;             33484492
                 256;             32419252
                 257;             33089288
                 258;             32832896
                 259;             32308960
                 260;             32322576
                 261;             32682992
                 262;             32691952
                 263;             32588348
                 264;             32362584
                 265;             32304160
                 266;             32676668
                 267;             32568892
                 268;             32382600
                 269;             32321524
                 270;             32540780
                 271;             32555476
                 272;             32323584
                 273;             33501264
                 274;             32830480
                 275;             33055828
                 276;             33070076
                 277;             33281372
                 278;             32759220
                 279;             32828732
                 280;             32299272
                 281;             32594540
                 282;             32745776
                 283;             32724816
                 284;             32417696
                 285;             32329168
                 286;             32983748
                 287;             32721048
                 288;             32285756
                 289;             32374944
                 290;             32757424
                 291;             32437612
                 292;             32888880
                 293;             32491616
                 294;             33047444
                 295;             32453872
                 296;             32475528
                 297;             33015996
                 298;             32441364
                 299;             32392076
                 300;             32486680
                 301;             32444984
                 302;             33125064
                 303;             32433448
                 304;             32592016
                 305;             32588628
                 306;             32830708
                 307;             33053596
                 308;             32455196
                 309;             32600648
                 310;             32902244
                 311;             32450076
                 312;             32422708
                 313;             33126968
                 314;             32898400
                 315;             32687656
                 316;             32418964
                 317;             32967592
                 318;             32477316
                 319;             32447412
                 320;             32620656
                 321;             32417432
                 322;             32418472
                 323;             32650512
                 324;             32383104
                 325;             32505252
                 326;             33206616
                 327;             32883980
                 328;             32617744
                 329;             32405036
                 330;             32424748
                 331;             32420796
                 332;             33110004
                 333;             32442376
                 334;             32396068
                 335;             32478364
                 336;             33545912
                 337;             32430772
                 338;             32590388
                 339;             32392508
                 340;             32587268
                 341;             32389252
                 342;             33150684
                 343;             33156180
                 344;             33372488
                 345;             33025620
                 346;             32463004
                 347;             32919028
                 348;             32453232
                 349;             32414372
                 350;             32399328
                 351;             32474972
                 352;             32880424
                 353;             32479896
                 354;             32693776
                 355;             32401136
                 356;             32434096
                 357;             32538500
                 358;             32441012
                 359;             32374180
