                   0;             22718168
                   1;             18432132
                   2;             18395752
                   3;             18380732
                   4;             18402056
                   5;             18412528
                   6;             18372384
                   7;             18374272
                   8;             18378556
                   9;             18362344
                  10;             18357580
                  11;             18421124
                  12;             18362248
                  13;             18408512
                  14;             18362640
                  15;             18376852
                  16;             18393044
                  17;             18361496
                  18;             18392884
                  19;             18423584
                  20;             18428960
                  21;             18376492
                  22;             18403416
                  23;             18413856
                  24;             18379576
                  25;             18369360
                  26;             18389824
                  27;             18349116
                  28;             18385272
                  29;             18580944
                  30;             18356488
                  31;             18415944
                  32;             18447896
                  33;             18364140
                  34;             18383152
                  35;             18400448
                  36;             18392856
                  37;             18368116
                  38;             18365400
                  39;             18386688
                  40;             18398564
                  41;             18372260
                  42;             18355720
                  43;             18376940
                  44;             18384032
                  45;             18365704
                  46;             18361152
                  47;             18375108
                  48;             18408544
                  49;             18358220
                  50;             18390596
                  51;             18363712
                  52;             18355440
                  53;             18383340
                  54;             18396408
                  55;             18400116
                  56;             18400024
                  57;             18373200
                  58;             18446492
                  59;             18372644
                  60;             18384816
                  61;             18378064
                  62;             18397400
                  63;             18386708
                  64;             18361140
                  65;             18417404
                  66;             18436888
                  67;             18356104
                  68;             18357292
                  69;             18337896
                  70;             18997164
                  71;             18354128
                  72;             18389684
                  73;             18364448
                  74;             18343940
                  75;             18419152
                  76;             18420764
                  77;             18407144
                  78;             18363544
                  79;             18372140
                  80;             18360272
                  81;             18418672
                  82;             18391552
                  83;             18361584
                  84;             18375732
                  85;             18377704
                  86;             18364484
                  87;             18394992
                  88;             18359960
                  89;             18405724
                  90;             18390620
                  91;             18364980
                  92;             18391220
                  93;             18359960
                  94;             18401092
                  95;             18401920
                  96;             18364976
                  97;             18385720
                  98;             18386620
                  99;             18364932
                 100;             18386636
                 101;             18429992
                 102;             18380252
                 103;             18403156
                 104;             18382116
                 105;             18365180
                 106;             18351552
                 107;             18376776
                 108;             18400100
                 109;             18388004
                 110;             18395484
                 111;             18388548
                 112;             18691884
                 113;             18381660
                 114;             18357208
                 115;             18379804
                 116;             18390764
                 117;             18369744
                 118;             18370776
                 119;             18419460
                 120;             18411948
                 121;             18391120
                 122;             18391524
                 123;             18373868
                 124;             18387932
                 125;             18389860
                 126;             18402568
                 127;             18380584
                 128;             18412224
                 129;             18463120
                 130;             18392792
                 131;             18408652
                 132;             18395896
                 133;             18365396
                 134;             18368008
                 135;             18368276
                 136;             18371272
                 137;             18370188
                 138;             18364748
                 139;             18382952
                 140;             18413932
                 141;             18386972
                 142;             18402428
                 143;             18377592
                 144;             18400376
                 145;             18395164
                 146;             18360228
                 147;             18388904
                 148;             18400148
                 149;             18410524
                 150;             18419656
                 151;             18373284
                 152;             18370696
                 153;             18354788
                 154;             18516108
                 155;             18383128
                 156;             18368160
                 157;             18378900
                 158;             18395788
                 159;             18362300
                 160;             18386664
                 161;             18374416
                 162;             18418604
                 163;             18386912
                 164;             18399340
                 165;             18382952
                 166;             18403652
                 167;             18379252
                 168;             18394480
                 169;             18430020
                 170;             18382288
                 171;             18371952
                 172;             18371528
                 173;             18390076
                 174;             18360588
                 175;             18328392
                 176;             18374896
                 177;             18372800
                 178;             18394232
                 179;             18378164
                 180;             18387592
                 181;             18387372
                 182;             18427432
                 183;             18400960
                 184;             18389604
                 185;             18361916
                 186;             18387620
                 187;             18367844
                 188;             18377692
                 189;             18397876
                 190;             18373556
                 191;             18457688
                 192;             18356616
                 193;             18446772
                 194;             18380028
                 195;             18959400
                 196;             18495048
                 197;             18375428
                 198;             18389744
                 199;             18358748
                 200;             18397252
                 201;             18381304
                 202;             18390988
                 203;             18365796
                 204;             18431008
                 205;             18385576
                 206;             18366000
                 207;             18372196
                 208;             18355808
                 209;             18416128
                 210;             18392132
                 211;             18349760
                 212;             18361880
                 213;             18450352
                 214;             18371236
                 215;             18401672
                 216;             18368924
                 217;             18363836
                 218;             18397784
                 219;             18376492
                 220;             18406580
                 221;             18379604
                 222;             18418068
                 223;             18372920
                 224;             18386892
                 225;             18390420
                 226;             18398296
                 227;             18391548
                 228;             18365908
                 229;             18380384
                 230;             18369292
                 231;             18397152
                 232;             18348840
                 233;             18357552
                 234;             18397892
                 235;             18356300
                 236;             18371444
                 237;             18414900
                 238;             18394844
                 239;             18389920
                 240;             18371864
                 241;             18365064
                 242;             18392956
                 243;             18352032
                 244;             18368248
                 245;             18367396
                 246;             18396904
                 247;             18383864
                 248;             18377172
                 249;             18370628
                 250;             18359860
                 251;             18664352
                 252;             18393664
                 253;             18458516
                 254;             18457648
                 255;             18455648
                 256;             18440208
                 257;             18446056
                 258;             18428408
                 259;             18428652
                 260;             18683112
                 261;             18355060
                 262;             18375088
                 263;             18401500
                 264;             18368464
                 265;             18388180
                 266;             18961536
                 267;             18405296
                 268;             18385608
                 269;             18366332
                 270;             18717524
                 271;             18409364
                 272;             18356248
                 273;             18392708
                 274;             18329384
                 275;             18395336
                 276;             18368932
                 277;             18347108
                 278;             18421808
                 279;             18389704
                 280;             18374368
                 281;             18537388
                 282;             18436444
                 283;             18346624
                 284;             18369668
                 285;             18671568
                 286;             18385368
                 287;             18399936
                 288;             18391168
                 289;             18639420
                 290;             18386396
                 291;             18371104
                 292;             18356900
                 293;             18656428
                 294;             18382408
                 295;             18421064
                 296;             18414612
                 297;             18388404
                 298;             18365252
                 299;             18368636
                 300;             18358304
                 301;             18355592
                 302;             18377400
                 303;             18422916
                 304;             18666456
                 305;             18424944
                 306;             18350984
                 307;             18367004
                 308;             18736320
                 309;             18374856
                 310;             18374732
                 311;             18380976
                 312;             19000144
                 313;             18382452
                 314;             18433988
                 315;             18372548
                 316;             18673864
                 317;             18363576
                 318;             18397780
                 319;             18554844
                 320;             18410248
                 321;             18413244
                 322;             18360860
                 323;             18687100
                 324;             18381560
                 325;             18363556
                 326;             18424788
                 327;             18942160
                 328;             18369352
                 329;             18367040
                 330;             18391400
                 331;             18375996
                 332;             18385656
                 333;             18388596
                 334;             18409948
                 335;             18375032
                 336;             18371944
                 337;             18385540
                 338;             18415540
                 339;             18338868
                 340;             18350268
                 341;             18451664
                 342;             19246332
                 343;             18379660
                 344;             18404700
                 345;             18412296
                 346;             18399812
                 347;             18437720
                 348;             18402824
                 349;             18905520
                 350;             18415076
                 351;             18423016
                 352;             18368068
                 353;             18391116
                 354;             18440160
                 355;             18358896
                 356;             18377860
                 357;             19552204
                 358;             18398188
                 359;             18365896
