                   0;             60632428
                   1;             56830544
                   2;             56342496
                   3;             56777196
                   4;             56395688
                   5;             56746768
                   6;             56280100
                   7;             56619936
                   8;             56271564
                   9;             56513816
                  10;             56152264
                  11;             56388916
                  12;             55988216
                  13;             56334836
                  14;             56767672
                  15;             56294556
                  16;             56150272
                  17;             55711648
                  18;             55984560
                  19;             55647384
                  20;             55801192
                  21;             55510744
                  22;             55619364
                  23;             55457356
                  24;             55464428
                  25;             55274352
                  26;             55241672
                  27;             55164052
                  28;             55190424
                  29;             55192236
                  30;             55078880
                  31;             55043352
                  32;             54957108
                  33;             55103552
                  34;             55815412
                  35;             55027256
                  36;             54907684
                  37;             54938500
                  38;             54866816
                  39;             54974768
                  40;             54808072
                  41;             54746068
                  42;             54850232
                  43;             54789872
                  44;             54750548
                  45;             54702108
                  46;             54665284
                  47;             54684464
                  48;             54591792
                  49;             55510652
                  50;             54623916
                  51;             54726440
                  52;             54701404
                  53;             54639884
                  54;             55212236
                  55;             54874740
                  56;             54589328
                  57;             54532052
                  58;             54532192
                  59;             54567120
                  60;             54499356
                  61;             54521432
                  62;             54509960
                  63;             54478596
                  64;             54535988
                  65;             54501264
                  66;             54535644
                  67;             54427100
                  68;             54465240
                  69;             54521032
                  70;             54478780
                  71;             54570080
                  72;             54534004
                  73;             54474888
                  74;             54511452
                  75;             55086164
                  76;             54575024
                  77;             54604052
                  78;             54539116
                  79;             54567164
                  80;             54437444
                  81;             54581308
                  82;             54559336
                  83;             54562176
                  84;             54550916
                  85;             54474980
                  86;             54524552
                  87;             54573644
                  88;             54445116
                  89;             54421848
                  90;             55299020
                  91;             54585768
                  92;             54522508
                  93;             54518476
                  94;             54468784
                  95;             54780948
                  96;             54768836
                  97;             54534944
                  98;             54447736
                  99;             54438948
                 100;             54408740
                 101;             54562980
                 102;             54442100
                 103;             54453788
                 104;             54459032
                 105;             54394660
                 106;             54477416
                 107;             54418440
                 108;             54413356
                 109;             54403408
                 110;             54410216
                 111;             55382780
                 112;             54329700
                 113;             54396472
                 114;             54405364
                 115;             56298872
                 116;             54563664
                 117;             54358224
                 118;             54399040
                 119;             54421460
                 120;             54509828
                 121;             54368024
                 122;             54341728
                 123;             54438764
                 124;             54386756
                 125;             54280324
                 126;             54376832
                 127;             54355588
                 128;             54386396
                 129;             54396008
                 130;             54357672
                 131;             54405420
                 132;             54389204
                 133;             54355788
                 134;             54403072
                 135;             54317360
                 136;             54802604
                 137;             54431100
                 138;             54358652
                 139;             54425676
                 140;             54351260
                 141;             54393432
                 142;             54405264
                 143;             54304276
                 144;             57155984
                 145;             54321568
                 146;             54350308
                 147;             54346608
                 148;             54570440
                 149;             54435464
                 150;             54279888
                 151;             54382664
                 152;             54373756
                 153;             54374312
                 154;             54331396
                 155;             54380032
                 156;             55425364
                 157;             54554624
                 158;             54289068
                 159;             54461920
                 160;             54401496
                 161;             54357480
                 162;             54331648
                 163;             54311192
                 164;             54366428
                 165;             54372636
                 166;             54195044
                 167;             54368108
                 168;             54390464
                 169;             54335952
                 170;             54318760
                 171;             54378276
                 172;             54363632
                 173;             54313208
                 174;             54298328
                 175;             54348268
                 176;             55034920
                 177;             54328992
                 178;             54419172
                 179;             54424624
                 180;             54289756
                 181;             54400264
                 182;             54316516
                 183;             54385688
                 184;             54410340
                 185;             54312812
                 186;             54316684
                 187;             54329412
                 188;             55184468
                 189;             54479160
                 190;             54317248
                 191;             54371400
                 192;             54350676
                 193;             54282268
                 194;             54339644
                 195;             54289528
                 196;             54251796
                 197;             54715612
                 198;             54268228
                 199;             54327632
                 200;             54274740
                 201;             54299212
                 202;             54276772
                 203;             54295028
                 204;             54329644
                 205;             54442668
                 206;             54268260
                 207;             54317364
                 208;             54321220
                 209;             54343920
                 210;             54926528
                 211;             55308048
                 212;             55652768
                 213;             55682888
                 214;             55954500
                 215;             56215212
                 216;             56483100
                 217;             57668956
                 218;             56608324
                 219;             56393196
                 220;             56804820
                 221;             56669484
                 222;             56282180
                 223;             56438288
                 224;             57099384
                 225;             56270104
                 226;             55975316
                 227;             56373952
                 228;             56455316
                 229;             56306232
                 230;             56117628
                 231;             56233476
                 232;             56013176
                 233;             56091468
                 234;             55989932
                 235;             56067632
                 236;             56011296
                 237;             56480616
                 238;             55916424
                 239;             55981080
                 240;             55733484
                 241;             55785528
                 242;             55723112
                 243;             55685428
                 244;             55662544
                 245;             55986148
                 246;             55716248
                 247;             55707228
                 248;             55615932
                 249;             55588420
                 250;             55640720
                 251;             56547608
                 252;             56542616
                 253;             56089556
                 254;             56225312
                 255;             56102580
                 256;             56075244
                 257;             56353684
                 258;             56181000
                 259;             56012592
                 260;             56034992
                 261;             55979308
                 262;             56009480
                 263;             55944248
                 264;             56067192
                 265;             56003444
                 266;             56241476
                 267;             55795436
                 268;             55889152
                 269;             57122856
                 270;             55915220
                 271;             55831204
                 272;             55882568
                 273;             55823048
                 274;             55887796
                 275;             55839720
                 276;             56621400
                 277;             56026576
                 278;             56240424
                 279;             55832312
                 280;             56552236
                 281;             55986660
                 282;             55836124
                 283;             55808352
                 284;             55848228
                 285;             55711396
                 286;             56040452
                 287;             56281640
                 288;             55808116
                 289;             55799004
                 290;             55871320
                 291;             55775792
                 292;             58603088
                 293;             57782380
                 294;             55780632
                 295;             55636812
                 296;             56410180
                 297;             56240812
                 298;             56673596
                 299;             56286348
                 300;             56183800
                 301;             56154032
                 302;             56203244
                 303;             56288000
                 304;             56228408
                 305;             56375316
                 306;             56023780
                 307;             56228884
                 308;             56431900
                 309;             56385352
                 310;             56249388
                 311;             55878036
                 312;             55842112
                 313;             55527480
                 314;             55506236
                 315;             56247428
                 316;             57271172
                 317;             55473536
                 318;             55667040
                 319;             56159760
                 320;             55477968
                 321;             55590136
                 322;             55541412
                 323;             56428184
                 324;             55534888
                 325;             55436056
                 326;             55407576
                 327;             55411244
                 328;             55365444
                 329;             55625796
                 330;             56526196
                 331;             55470960
                 332;             55422548
                 333;             55321976
                 334;             55382844
                 335;             55481896
                 336;             55637740
                 337;             55376072
                 338;             56554860
                 339;             55447432
                 340;             55408228
                 341;             55399828
                 342;             55308536
                 343;             55428292
                 344;             55467200
                 345;             56396872
                 346;             55388544
                 347;             55429872
                 348;             55330124
                 349;             55395720
                 350;             55363832
                 351;             55510396
                 352;             56465820
                 353;             55487896
                 354;             55457040
                 355;             55461596
                 356;             55340700
                 357;             55320364
                 358;             55357400
                 359;             55321496
