                   0;              7400644
                   1;              2013184
                   2;              2016060
                   3;              2017088
                   4;              2018308
                   5;              2016796
                   6;              2008752
                   7;              2016812
                   8;              2008284
                   9;              2018820
                  10;              2017308
                  11;              2026128
                  12;              2016568
                  13;              2031212
                  14;              2029468
                  15;              2026312
                  16;              2031844
                  17;              2029132
                  18;              2027848
                  19;              2028256
                  20;              2030020
                  21;              2035176
                  22;              2032288
                  23;              2027168
                  24;              2024924
                  25;              2028128
                  26;              2029504
                  27;              2026744
                  28;              2028500
                  29;              2024980
                  30;              2026128
                  31;              2021180
                  32;              2025520
                  33;              2023804
                  34;              2030248
                  35;              2030976
                  36;              2021228
                  37;              2023208
                  38;              2029964
                  39;              2019920
                  40;              2016176
                  41;              2022592
                  42;              2024796
                  43;              2011540
                  44;              2024304
                  45;              2026756
                  46;              2022620
                  47;              4376120
                  48;              1996956
                  49;              2003232
                  50;              2007548
                  51;              2606228
                  52;              2005176
                  53;              2002364
                  54;              2004104
                  55;              2003132
                  56;              2004236
                  57;              2002028
                  58;              2003584
                  59;              2002204
                  60;              2005128
                  61;              1996428
                  62;              2002336
                  63;              2006432
                  64;              2003176
                  65;              2000800
                  66;              2000548
                  67;              1999872
                  68;              1999276
                  69;              2032580
                  70;              2035876
                  71;              2035152
                  72;              2033832
                  73;              2149300
                  74;              2039000
                  75;              2031828
                  76;              2028576
                  77;              2031948
                  78;              2040788
                  79;              2029796
                  80;              2026452
                  81;              2027716
                  82;              2035604
                  83;              2031820
                  84;              2022240
                  85;              2029732
                  86;              2031272
                  87;              2028520
                  88;              2028664
                  89;              2024124
                  90;              2030636
                  91;              2027468
                  92;              2030404
                  93;              2040204
                  94;              2023852
                  95;              2029496
                  96;              2023936
                  97;              2023308
                  98;              2023104
                  99;              2030272
                 100;              2022188
                 101;              2018896
                 102;              2028208
                 103;              2032472
                 104;              2018988
                 105;              2025492
                 106;              2026396
                 107;              2018252
                 108;              2021752
                 109;              2016768
                 110;              2034048
                 111;              2021804
                 112;              2022848
                 113;              2024792
                 114;              2021724
                 115;              2023728
                 116;              2026168
                 117;              2026584
                 118;              2024040
                 119;              2024728
                 120;              2019040
                 121;              2070604
                 122;              2028756
                 123;              2023528
                 124;              2026352
                 125;              2033172
                 126;              2035280
                 127;              2019808
                 128;              2023800
                 129;              2025144
                 130;              2019340
                 131;              2020856
                 132;              2029320
                 133;              2024132
                 134;              2020144
                 135;              2025132
                 136;              2025352
                 137;              2022688
                 138;              2021388
                 139;              2020656
                 140;              2024808
                 141;              2024324
                 142;              2030516
                 143;              2019916
                 144;              2021996
                 145;              2056864
                 146;              2027824
                 147;              2019780
                 148;              2024628
                 149;              2018904
                 150;              2024284
                 151;              2021044
                 152;              2024556
                 153;              2018792
                 154;              2022464
                 155;              2017104
                 156;              2020360
                 157;              2026784
                 158;              2023300
                 159;              2021592
                 160;              2023344
                 161;              2018372
                 162;              2019872
                 163;              2021528
                 164;              2021320
                 165;              2024028
                 166;              2017780
                 167;              2022984
                 168;              2020116
                 169;              2022108
                 170;              2030656
                 171;              2025136
                 172;              2026648
                 173;              2020036
                 174;              2025808
                 175;              2019432
                 176;              2020508
                 177;              2020364
                 178;              2024880
                 179;              2024504
                 180;              2017148
                 181;              2019892
                 182;              2020640
                 183;              2038228
                 184;              2018192
                 185;              2118176
                 186;              2021568
                 187;              2020768
                 188;              2025760
                 189;              2028404
                 190;              2029668
                 191;              2024212
                 192;              2022992
                 193;              2070044
                 194;              2020592
                 195;              2021120
                 196;              7216384
                 197;              2009352
                 198;              2006724
                 199;              2005272
                 200;              2287456
                 201;              2007132
                 202;              2002376
                 203;              2009536
                 204;              2011700
                 205;              2000792
                 206;              2005388
                 207;              2004688
                 208;              2005248
                 209;              2006652
                 210;              2007212
                 211;              2005196
                 212;              2001496
                 213;              2003072
                 214;              2003168
                 215;              2006576
                 216;              2003288
                 217;              2006864
                 218;              2004824
                 219;              2004112
                 220;              2000660
                 221;              2003872
                 222;              2001012
                 223;              1997328
                 224;              2001184
                 225;              2003368
                 226;              2005552
                 227;              2004540
                 228;              2003672
                 229;              2001688
                 230;              2003072
                 231;              2002148
                 232;              2007348
                 233;              2005316
                 234;              2002960
                 235;              2000116
                 236;              2000516
                 237;              2004624
                 238;              2000824
                 239;              2006592
                 240;              2003292
                 241;              2000600
                 242;              1996360
                 243;              2001888
                 244;              2002564
                 245;              1996540
                 246;              2002076
                 247;              1999984
                 248;              2003140
                 249;              2002040
                 250;              2001412
                 251;              2030332
                 252;              2055920
                 253;              2042996
                 254;              2030420
                 255;              2032440
                 256;              2032360
                 257;              2359816
                 258;              2442056
                 259;              2034104
                 260;              2035088
                 261;              2208184
                 262;              2042756
                 263;              2030752
                 264;              2211500
                 265;              2043676
                 266;              2031940
                 267;              2237632
                 268;              2070952
                 269;              2043640
                 270;              2037076
                 271;              2264692
                 272;              2016984
                 273;              2008708
                 274;              2016888
                 275;              2188480
                 276;              2026408
                 277;              2271304
                 278;              2035924
                 279;              2021456
                 280;              2255100
                 281;              2040028
                 282;              2025120
                 283;              2265368
                 284;              2045380
                 285;              2028036
                 286;              2108996
                 287;              2061520
                 288;              2032904
                 289;              2571164
                 290;              2025716
                 291;              2030988
                 292;              2237368
                 293;              2027548
                 294;              2033632
                 295;              2238656
                 296;              2043616
                 297;              2026024
                 298;              2180420
                 299;              2025812
                 300;              2028540
                 301;              2605480
                 302;              2023836
                 303;              2025852
                 304;              2081800
                 305;              2123860
                 306;              2018744
                 307;              2089584
                 308;              2173284
                 309;              2023556
                 310;              2030552
                 311;              3791468
                 312;              2228080
                 313;              2026708
                 314;              2011688
                 315;              2232860
                 316;              2031980
                 317;              2013904
                 318;              2160836
                 319;              2024300
                 320;              2009780
                 321;              2248216
                 322;              2056488
                 323;              2043332
                 324;              4007624
                 325;              2016340
                 326;              2012036
                 327;              2218820
                 328;              2024504
                 329;              2016608
                 330;              2012328
                 331;              2170812
                 332;              2025884
                 333;              2018400
                 334;              2126676
                 335;              2028048
                 336;              2021896
                 337;              2162320
                 338;              2032232
                 339;              2036620
                 340;              2142900
                 341;              2029128
                 342;              2033188
                 343;              3361876
                 344;              7454460
                 345;              2056352
                 346;              2091416
                 347;              2242428
                 348;              2054504
                 349;              2113376
                 350;              2282700
                 351;              2126632
                 352;              2052640
                 353;              2241120
                 354;              2060884
                 355;              2037164
                 356;              2250804
                 357;              2007292
                 358;              2011712
                 359;              2200440
