                   0;             19132108
                   1;              2206276
                   2;              2035960
                   3;              2113736
                   4;              2045620
                   5;              2184616
                   6;              2030748
                   7;              2053700
                   8;              2181516
                   9;              2022224
                  10;              2020384
                  11;              2020124
                  12;              2016552
                  13;              2015268
                  14;              2024208
                  15;              2022736
                  16;              2018696
                  17;              2023248
                  18;              2013864
                  19;              6299000
                  20;              2006280
                  21;              2021956
                  22;              2010328
                  23;              2013072
                  24;              2004020
                  25;              2003640
                  26;              2002972
                  27;              2007736
                  28;              2005124
                  29;              2015080
                  30;              2008152
                  31;              2004660
                  32;              2010860
                  33;              2004080
                  34;              2007244
                  35;              2001564
                  36;              2010824
                  37;              2006288
                  38;              2001736
                  39;              2004196
                  40;              2011032
                  41;              2007944
                  42;              2013092
                  43;              2007180
                  44;              2002644
                  45;              2005620
                  46;              1997352
                  47;              2012208
                  48;              2000060
                  49;              2009072
                  50;              2006240
                  51;              2000936
                  52;              2000540
                  53;              2000424
                  54;              2009112
                  55;              2001556
                  56;              2004544
                  57;              2005752
                  58;              2003372
                  59;              1998720
                  60;              2002604
                  61;              1999316
                  62;              2004568
                  63;              2000684
                  64;              2006752
                  65;              1997296
                  66;              2002696
                  67;              2000116
                  68;              2002604
                  69;              1999488
                  70;              2004032
                  71;              2000388
                  72;              2005372
                  73;              2000952
                  74;              2001152
                  75;              2000172
                  76;              1999616
                  77;              2002840
                  78;              2007216
                  79;              2000748
                  80;              2000572
                  81;              2002712
                  82;              2003860
                  83;              2005548
                  84;              2001736
                  85;              1997520
                  86;              2000660
                  87;              2004136
                  88;              2000868
                  89;              2002436
                  90;              2003084
                  91;              2003980
                  92;              2001432
                  93;              1998500
                  94;              2002268
                  95;              1996840
                  96;              2003212
                  97;              2002836
                  98;              2002688
                  99;              2002396
                 100;              2004080
                 101;              1998788
                 102;              2001148
                 103;              1999040
                 104;              1998392
                 105;              2005356
                 106;              2002500
                 107;              2002012
                 108;              2000188
                 109;              1999652
                 110;              1998704
                 111;              1995628
                 112;              2032560
                 113;              2031408
                 114;              2033064
                 115;              2067728
                 116;              2034288
                 117;              2032168
                 118;              2029256
                 119;              2028744
                 120;              2028020
                 121;              2031116
                 122;              2028152
                 123;              2026676
                 124;              2024192
                 125;              2038984
                 126;              2029596
                 127;              2031856
                 128;              2033384
                 129;              2036272
                 130;              2032500
                 131;              2028776
                 132;              2030124
                 133;              2028140
                 134;              2030068
                 135;              2035308
                 136;              2026028
                 137;              2030356
                 138;              2026864
                 139;              2056584
                 140;              2023676
                 141;              2030208
                 142;              2033504
                 143;              2034464
                 144;              2030624
                 145;              2030248
                 146;              2024408
                 147;              2069584
                 148;              2034132
                 149;              2021624
                 150;              2027228
                 151;              2021160
                 152;              2025112
                 153;              2021852
                 154;              2021760
                 155;              2020532
                 156;              2030804
                 157;              2028552
                 158;              2022292
                 159;              2018972
                 160;              2020680
                 161;              2027808
                 162;              2025940
                 163;              2025836
                 164;              2145388
                 165;              2022476
                 166;              2020156
                 167;              2025116
                 168;              2030092
                 169;              2021620
                 170;              2023096
                 171;              2059052
                 172;              2017384
                 173;              2026208
                 174;              2025760
                 175;              2021916
                 176;              2016048
                 177;              2022844
                 178;              2021056
                 179;              2028748
                 180;              2017860
                 181;              2025652
                 182;              2019968
                 183;              2021608
                 184;              2025100
                 185;              2026456
                 186;              2019376
                 187;              2067740
                 188;              2016264
                 189;              2031076
                 190;              2025472
                 191;              2018532
                 192;              2021436
                 193;              2019328
                 194;              2018456
                 195;              7241924
                 196;              2011492
                 197;              2008152
                 198;              2009300
                 199;              2001584
                 200;              2004776
                 201;              2008084
                 202;              2009164
                 203;              2009252
                 204;              2009820
                 205;              2003744
                 206;              2010884
                 207;              2000256
                 208;              2002176
                 209;              2001016
                 210;              2001584
                 211;              2013784
                 212;              2003944
                 213;              2003220
                 214;              1999924
                 215;              2005916
                 216;              2003468
                 217;              2008264
                 218;              2003812
                 219;              2005096
                 220;              2004408
                 221;              2001936
                 222;              2004092
                 223;              2008848
                 224;              1999440
                 225;              2006212
                 226;              2004084
                 227;              2004932
                 228;              1998524
                 229;              2006828
                 230;              2001232
                 231;              2015012
                 232;              2005212
                 233;              2004876
                 234;              2000196
                 235;              2004836
                 236;              2007220
                 237;              2003464
                 238;              2000512
                 239;              2005940
                 240;              2000920
                 241;              2007620
                 242;              2003772
                 243;              2002108
                 244;              2000388
                 245;              2003020
                 246;              2005556
                 247;              2000740
                 248;              2001188
                 249;              2004060
                 250;              1996424
                 251;              2009044
                 252;              2001512
                 253;              2009756
                 254;              2003804
                 255;              2008316
                 256;              1995508
                 257;              2006524
                 258;              1997120
                 259;              1992884
                 260;              2249192
                 261;              2349400
                 262;              2455332
                 263;              2098568
                 264;              2247196
                 265;              2034808
                 266;              2045572
                 267;              2029000
                 268;              2269428
                 269;              2041904
                 270;              2036196
                 271;              2509420
                 272;              2046252
                 273;              2001520
                 274;              2206568
                 275;              2020540
                 276;              2007800
                 277;              2012332
                 278;              2002440
                 279;              2014888
                 280;              2002240
                 281;              2000792
                 282;              2006408
                 283;              2007268
                 284;              2005220
                 285;              2000740
                 286;              1999752
                 287;              1995164
                 288;              1997284
                 289;              1997996
                 290;              1994928
                 291;              1994480
                 292;              1991432
                 293;              2000804
                 294;              2002912
                 295;              1997692
                 296;              2002216
                 297;              2001016
                 298;              1997124
                 299;              2209928
                 300;              2028212
                 301;              2022200
                 302;              2087876
                 303;              2014288
                 304;              2028044
                 305;              2029860
                 306;              2095840
                 307;              2013768
                 308;              2030432
                 309;              2219664
                 310;              2028444
                 311;              2030900
                 312;              2032452
                 313;              2163424
                 314;              2027440
                 315;              2031592
                 316;              2116048
                 317;              2033000
                 318;              2033484
                 319;              2027832
                 320;              2226848
                 321;              2031636
                 322;              2032124
                 323;              2231212
                 324;              2022788
                 325;              2026456
                 326;              2179692
                 327;              2028020
                 328;              2028344
                 329;              2223444
                 330;              2030528
                 331;              2029952
                 332;              2013652
                 333;              2232036
                 334;              2026548
                 335;              2029476
                 336;              4141976
                 337;              2093500
                 338;              2098524
                 339;              2014916
                 340;              2097288
                 341;              2044888
                 342;              2023496
                 343;              2246096
                 344;              4204136
                 345;              2059624
                 346;              2241920
                 347;              2000776
                 348;              1997748
                 349;              2153532
                 350;              2015332
                 351;              2020460
                 352;              2211932
                 353;              2033440
                 354;              2025448
                 355;              2028228
                 356;              2068488
                 357;              2034124
                 358;              2100392
                 359;              2141920
