                   0;              5848652
                   1;              2858828
                   2;              2854496
                   3;              2848880
                   4;              2852452
                   5;              2837832
                   6;              2843060
                   7;              2834916
                   8;              2889248
                   9;              3098916
                  10;              2863964
                  11;              2841952
                  12;              2850416
                  13;              2860608
                  14;              2843104
                  15;              2836432
                  16;              2839724
                  17;              2836572
                  18;              2881888
                  19;              2924268
                  20;              2861572
                  21;              2838296
                  22;              2858972
                  23;              2846068
                  24;              2842116
                  25;              2841236
                  26;              2838100
                  27;              2839296
                  28;              2890280
                  29;              2856404
                  30;              2854348
                  31;              2854440
                  32;              2842520
                  33;              2846652
                  34;              2850508
                  35;              2843036
                  36;              2851036
                  37;              2848976
                  38;              2837296
                  39;              2877928
                  40;              2856776
                  41;              2854896
                  42;              2828900
                  43;              7786776
                  44;              2877192
                  45;              2878948
                  46;              3300508
                  47;              2844008
                  48;              2862348
                  49;              2849304
                  50;              2862480
                  51;              2841012
                  52;              2835308
                  53;              2832096
                  54;              2890452
                  55;              2852792
                  56;              2856476
                  57;              2831160
                  58;              2852088
                  59;              2854252
                  60;              2847604
                  61;              2841608
                  62;              2835204
                  63;              2835664
                  64;              2831376
                  65;              2872440
                  66;              2861400
                  67;              2855860
                  68;              2835124
                  69;              2854160
                  70;              2852208
                  71;              2857232
                  72;              2840768
                  73;              2836656
                  74;              2837968
                  75;              2830760
                  76;              2863528
                  77;              2855788
                  78;              2848124
                  79;              2833564
                  80;              2868636
                  81;              2851680
                  82;              2849484
                  83;              2839616
                  84;              2836912
                  85;              2837104
                  86;              2833664
                  87;              2860912
                  88;              2854260
                  89;              2854516
                  90;              2834420
                  91;              2846384
                  92;              2848588
                  93;              2841304
                  94;              2842520
                  95;              2841896
                  96;              2833384
                  97;              2837904
                  98;              2863616
                  99;              2853400
                 100;              2866656
                 101;              2837568
                 102;              2847836
                 103;              2839252
                 104;              2846072
                 105;              2847440
                 106;              2836680
                 107;              2830144
                 108;              2838404
                 109;              2856736
                 110;              2854296
                 111;              2851452
                 112;              2843880
                 113;              2848708
                 114;              2843424
                 115;              2837320
                 116;              2833136
                 117;              2838720
                 118;              2836020
                 119;              2869464
                 120;              2860744
                 121;              2855796
                 122;              2853296
                 123;              2853760
                 124;              2859944
                 125;              2847124
                 126;              2841052
                 127;              2839192
                 128;              2836412
                 129;              2827960
                 130;              2871136
                 131;              2856244
                 132;              2851848
                 133;              2854884
                 134;              2851204
                 135;              2852648
                 136;              2847164
                 137;              2845108
                 138;              2840432
                 139;              2839012
                 140;              2834072
                 141;              2868252
                 142;              2859104
                 143;              2855832
                 144;              2832376
                 145;              2848824
                 146;              2848168
                 147;              2843916
                 148;              2840252
                 149;              2837980
                 150;              2836888
                 151;              2838692
                 152;              2864992
                 153;              2864100
                 154;              2850444
                 155;              2827608
                 156;              2849328
                 157;              2848316
                 158;              2849068
                 159;              2851704
                 160;              2842028
                 161;              2834212
                 162;              2839068
                 163;              2863760
                 164;              2859376
                 165;              2852304
                 166;              2826008
                 167;              2861452
                 168;              2849080
                 169;              2847704
                 170;              2977864
                 171;              2840648
                 172;              2829564
                 173;              2835176
                 174;              2903484
                 175;              2857072
                 176;              2854548
                 177;              2832396
                 178;              2849480
                 179;              2850048
                 180;              2845780
                 181;              2864096
                 182;              2842412
                 183;              3774736
                 184;              2872100
                 185;              2858680
                 186;              2845088
                 187;              2851380
                 188;              2852336
                 189;              2846348
                 190;              2842464
                 191;              2836760
                 192;              2838164
                 193;              2865920
                 194;              2856900
                 195;              2854984
                 196;              2875048
                 197;              2848400
                 198;              2852860
                 199;              2843808
                 200;              2844800
                 201;              2838092
                 202;              2837880
                 203;              2839108
                 204;              2861528
                 205;              2858608
                 206;              2853956
                 207;              2856688
                 208;              2846932
                 209;              2847896
                 210;              2842504
                 211;              2838576
                 212;              2849680
                 213;              2834660
                 214;              2836608
                 215;              2872128
                 216;              2862704
                 217;              2858436
                 218;              2871812
                 219;              2849712
                 220;              2850752
                 221;              2849176
                 222;              2847468
                 223;              2839288
                 224;              2836904
                 225;              2836856
                 226;              2862572
                 227;              2857744
                 228;              2854332
                 229;              2830696
                 230;              2843632
                 231;              2847880
                 232;              2844460
                 233;              2839380
                 234;              2838460
                 235;              2834360
                 236;              2834240
                 237;              2862644
                 238;              2855012
                 239;              2857324
                 240;              2835508
                 241;              2863788
                 242;              2849240
                 243;              2840572
                 244;              2838404
                 245;              2837356
                 246;              2836928
                 247;              2837388
                 248;              2860004
                 249;              2855880
                 250;              2850964
                 251;              2863936
                 252;              2846744
                 253;              2846880
                 254;              2843300
                 255;              2831124
                 256;              2839016
                 257;              2834572
                 258;              2862008
                 259;              2858520
                 260;              2853856
                 261;              3160168
                 262;              3296212
                 263;              4214732
                 264;              2874836
                 265;              2852224
                 266;              2983284
                 267;              2883680
                 268;              3042044
                 269;              2885844
                 270;              2854100
                 271;              3037128
                 272;              2859596
                 273;              2854876
                 274;              2978056
                 275;              2856976
                 276;              2838720
                 277;              2870756
                 278;              2865320
                 279;              2855804
                 280;              2855832
                 281;              2841736
                 282;              2851240
                 283;              2841244
                 284;              2839220
                 285;              2838752
                 286;              2839720
                 287;              2836380
                 288;              2834064
                 289;              2858716
                 290;              2862428
                 291;              2855032
                 292;              2830968
                 293;              2844652
                 294;              2849264
                 295;              2845792
                 296;              2843792
                 297;              2834332
                 298;              2833632
                 299;              2834032
                 300;              3604800
                 301;              2911404
                 302;              2922536
                 303;              2865240
                 304;              3010736
                 305;              2850772
                 306;              2974412
                 307;              2869952
                 308;              3009876
                 309;              2893796
                 310;              3018684
                 311;              2890288
                 312;              3587112
                 313;              2869700
                 314;              2908624
                 315;              2852444
                 316;              2846624
                 317;              8117780
                 318;              2849508
                 319;              2970396
                 320;              2975368
                 321;              2855552
                 322;              2968912
                 323;              2957832
                 324;              2875700
                 325;              3052328
                 326;              2859528
                 327;              2993004
                 328;              2864312
                 329;              3081352
                 330;              2877552
                 331;              2896980
                 332;              2952100
                 333;              2877880
                 334;              3016256
                 335;              2858300
                 336;              2851340
                 337;              2952516
                 338;              2849152
                 339;              3031476
                 340;              2870592
                 341;              2846808
                 342;              3039252
                 343;              2879040
                 344;              3006728
                 345;              2877256
                 346;              2844684
                 347;              3713512
                 348;              2851820
                 349;              2848740
                 350;              3014768
                 351;              2858904
                 352;              2990944
                 353;              2874136
                 354;              3042676
                 355;              2854652
                 356;              3000836
                 357;              2881780
                 358;              3062224
                 359;              2852780
