                   0;              5261008
                   1;              6690000
                   2;              5225684
                   3;              5227656
                   4;              5221912
                   5;              5259776
                   6;              5267196
                   7;              5254696
                   8;              5253668
                   9;              5251784
                  10;              5231740
                  11;              5217928
                  12;              5217712
                  13;              5216032
                  14;              5281884
                  15;              5261256
                  16;              5264904
                  17;              5254688
                  18;              5253108
                  19;              5225484
                  20;              5219052
                  21;              5222344
                  22;              5223508
                  23;              5255476
                  24;              5259184
                  25;              5254012
                  26;              5257896
                  27;              5260428
                  28;              5227084
                  29;              5218840
                  30;              5221764
                  31;              5218900
                  32;              5260784
                  33;              5257168
                  34;              5255176
                  35;              5254664
                  36;              5249364
                  37;              5219568
                  38;              5221792
                  39;              5221828
                  40;              5219444
                  41;              5257632
                  42;              5255044
                  43;              5971380
                  44;              5269420
                  45;              5233828
                  46;              5223448
                  47;              5223600
                  48;              5280928
                  49;              5267696
                  50;              5302876
                  51;              5260216
                  52;              5252304
                  53;              5219280
                  54;              5218248
                  55;              5219516
                  56;              5217748
                  57;              5256220
                  58;              5272088
                  59;              5255060
                  60;              5255348
                  61;              5255676
                  62;              5212088
                  63;              5224904
                  64;              5222736
                  65;              5217692
                  66;              5218488
                  67;              5257008
                  68;              5258036
                  69;              5253188
                  70;              5256528
                  71;              5251460
                  72;              5231800
                  73;              5217600
                  74;              5219428
                  75;              5214396
                  76;              5259292
                  77;              5257148
                  78;              5255144
                  79;              5249912
                  80;              5258616
                  81;              5220868
                  82;              5217196
                  83;              5217820
                  84;              5218168
                  85;              5254912
                  86;              5254972
                  87;              5264060
                  88;              5255692
                  89;              5255140
                  90;              5215460
                  91;              5221496
                  92;              5219576
                  93;              5218888
                  94;              5220648
                  95;              5269400
                  96;              5255464
                  97;              5255672
                  98;              5251356
                  99;              5251228
                 100;              5228544
                 101;              5219024
                 102;              5220180
                 103;              5218552
                 104;              5259348
                 105;              5253560
                 106;              5252600
                 107;              5247648
                 108;              5256764
                 109;              5221752
                 110;              5220364
                 111;              5219228
                 112;              5218960
                 113;              5256876
                 114;              5258320
                 115;              5254028
                 116;              5265124
                 117;              5252472
                 118;              5215556
                 119;              5230776
                 120;              5228896
                 121;              5231784
                 122;              5256492
                 123;              5255588
                 124;              5256460
                 125;              5255220
                 126;              5252364
                 127;              5216940
                 128;              5225832
                 129;              5220052
                 130;              5221684
                 131;              5220364
                 132;              5260756
                 133;              5258596
                 134;              5256812
                 135;              5254140
                 136;              5252776
                 137;              5226040
                 138;              5219720
                 139;              5217992
                 140;              5219228
                 141;              5260304
                 142;              5258848
                 143;              5254320
                 144;              5256352
                 145;              5261612
                 146;              5220292
                 147;              5218476
                 148;              5219648
                 149;              5217416
                 150;              5257180
                 151;              5289156
                 152;              5260632
                 153;              5256720
                 154;              5250712
                 155;              5215672
                 156;              5222724
                 157;              5220344
                 158;              5219184
                 159;              5218856
                 160;              5260844
                 161;              5258748
                 162;              5254776
                 163;              5254744
                 164;              5255348
                 165;              5227104
                 166;              5220240
                 167;              5219608
                 168;              5218876
                 169;              5258984
                 170;              5255504
                 171;              5257072
                 172;              5255680
                 173;              5253072
                 174;              5221780
                 175;              5220092
                 176;              5222400
                 177;              5216988
                 178;              5217224
                 179;              5506136
                 180;              5391708
                 181;              5258636
                 182;              5483900
                 183;              5221632
                 184;              5221884
                 185;              5221568
                 186;              5303296
                 187;              5303060
                 188;              5255076
                 189;              5252816
                 190;              5246708
                 191;              5224408
                 192;              5220732
                 193;              5222180
                 194;              5220108
                 195;              5262084
                 196;              5254632
                 197;              5255308
                 198;              5253752
                 199;              5252712
                 200;              5227384
                 201;              5217768
                 202;              5218920
                 203;              5220560
                 204;              5259840
                 205;              5257636
                 206;              5257004
                 207;              5257596
                 208;              5252552
                 209;              5255568
                 210;              5219076
                 211;              5219152
                 212;              5218824
                 213;              5261432
                 214;              5257528
                 215;              5259536
                 216;              5257284
                 217;              5256040
                 218;              5214868
                 219;              5219560
                 220;              5219144
                 221;              5217744
                 222;              5216936
                 223;              5259348
                 224;              5258596
                 225;              5255080
                 226;              5253348
                 227;              5254692
                 228;              5225824
                 229;              5219472
                 230;              5221448
                 231;              5218624
                 232;              5258560
                 233;              5261568
                 234;              5253088
                 235;              5253876
                 236;              5251432
                 237;              5219816
                 238;              5221384
                 239;              5219640
                 240;              5217452
                 241;              5259732
                 242;              5255052
                 243;              5253228
                 244;              5251312
                 245;              5249460
                 246;              5254704
                 247;              5224868
                 248;              5213964
                 249;              5218952
                 250;              5219064
                 251;              5263452
                 252;              5260576
                 253;              5257388
                 254;              5253792
                 255;              5382648
                 256;              5322724
                 257;              5277644
                 258;              5368976
                 259;              5313972
                 260;              5315132
                 261;              5246576
                 262;              5309012
                 263;              5427196
                 264;              5433396
                 265;              5269080
                 266;              5257952
                 267;              5314448
                 268;              5259972
                 269;              5284812
                 270;              5310904
                 271;              5258400
                 272;              5264360
                 273;              5231588
                 274;              5258128
                 275;              5282256
                 276;              5310856
                 277;              5277336
                 278;              5296160
                 279;              5257804
                 280;              5233780
                 281;              5301404
                 282;              5227800
                 283;              5287120
                 284;              5306620
                 285;              5245308
                 286;              5274684
                 287;              5228348
                 288;              5614608
                 289;              5542308
                 290;              5295596
                 291;              5286612
                 292;              5308180
                 293;              5249476
                 294;              5250336
                 295;              5251972
                 296;              5257388
                 297;              5222420
                 298;              5224136
                 299;              5280316
                 300;              5258644
                 301;              5250512
                 302;              5253076
                 303;              5225224
                 304;              5260268
                 305;              5223296
                 306;              5240324
                 307;              5939680
                 308;              5285256
                 309;              5259176
                 310;              5249396
                 311;              5242588
                 312;              5225196
                 313;              5812168
                 314;              5412784
                 315;              5304816
                 316;              5253812
                 317;              5562792
                 318;              5278828
                 319;              5291860
                 320;              5299664
                 321;              5285840
                 322;              5333312
                 323;              5321296
                 324;              5271968
                 325;              5269176
                 326;              5250536
                 327;              5280936
                 328;              5209740
                 329;              5331688
                 330;              5312724
                 331;              5311676
                 332;              5314316
                 333;              5215180
                 334;              5291964
                 335;              5211780
                 336;              5598564
                 337;              5324364
                 338;              5273268
                 339;              5309144
                 340;              5263308
                 341;              5281832
                 342;              5272588
                 343;              5293960
                 344;              5309208
                 345;              5270844
                 346;              5317912
                 347;              5249572
                 348;              5319316
                 349;              5271052
                 350;              5224840
                 351;              5297696
                 352;              5271708
                 353;              5321012
                 354;              5297652
                 355;              5298500
                 356;              5460940
                 357;              5248284
                 358;              5279536
                 359;              5220560
