                   0;              8092288
                   1;              2858468
                   2;              2857560
                   3;              2854252
                   4;              2845036
                   5;              2844708
                   6;              2839984
                   7;              2868408
                   8;              2860560
                   9;              2860468
                  10;              2846620
                  11;              2848744
                  12;              2850072
                  13;              2849392
                  14;              2839172
                  15;              2838940
                  16;              2838416
                  17;              2869276
                  18;              2858920
                  19;              2860140
                  20;              2834200
                  21;              2853188
                  22;              2852920
                  23;              2845712
                  24;              2841400
                  25;              2846568
                  26;              2838828
                  27;              2843540
                  28;              2875520
                  29;              2860560
                  30;              2861008
                  31;              2832372
                  32;              2869048
                  33;              2851988
                  34;              2846136
                  35;              2846352
                  36;              2840664
                  37;              2839976
                  38;              2834116
                  39;              2862924
                  40;              2862036
                  41;              2857248
                  42;              2835800
                  43;              9043788
                  44;              2850616
                  45;              2854852
                  46;              3805780
                  47;              2854364
                  48;              2843000
                  49;              2841784
                  50;              2844352
                  51;              2870156
                  52;              2862456
                  53;              2860192
                  54;              2830944
                  55;              2852760
                  56;              2847132
                  57;              2858984
                  58;              2846752
                  59;              2836252
                  60;              2839020
                  61;              2842112
                  62;              2868708
                  63;              2857672
                  64;              2859020
                  65;              2831920
                  66;              2851052
                  67;              2848400
                  68;              2854092
                  69;              2844336
                  70;              2838732
                  71;              2841716
                  72;              2844308
                  73;              2868832
                  74;              2868156
                  75;              2861124
                  76;              2832356
                  77;              2851812
                  78;              2851832
                  79;              2847028
                  80;              2844888
                  81;              2839524
                  82;              2843692
                  83;              2834584
                  84;              2870528
                  85;              2863480
                  86;              2859068
                  87;              2861696
                  88;              2851764
                  89;              2850644
                  90;              2857864
                  91;              2844136
                  92;              2842420
                  93;              2839876
                  94;              2837396
                  95;              2874384
                  96;              2862980
                  97;              2857128
                  98;              2859140
                  99;              2850800
                 100;              2854952
                 101;              2844948
                 102;              2843116
                 103;              2841776
                 104;              2840936
                 105;              2837624
                 106;              2863604
                 107;              2864436
                 108;              2858932
                 109;              2864300
                 110;              2848188
                 111;              2851636
                 112;              2846624
                 113;              2843800
                 114;              2839944
                 115;              2837760
                 116;              2839696
                 117;              2868404
                 118;              2864292
                 119;              2864112
                 120;              2860108
                 121;              2850084
                 122;              2867052
                 123;              2846256
                 124;              2841084
                 125;              2839600
                 126;              2837780
                 127;              2838960
                 128;              2868612
                 129;              2873384
                 130;              2855780
                 131;              2856140
                 132;              2843896
                 133;              2862020
                 134;              2845924
                 135;              2847704
                 136;              2841336
                 137;              2839480
                 138;              2835064
                 139;              2868600
                 140;              2857092
                 141;              2856716
                 142;              2858900
                 143;              2849736
                 144;              2852644
                 145;              2856712
                 146;              2843888
                 147;              2842216
                 148;              2838452
                 149;              2840952
                 150;              2863116
                 151;              2864388
                 152;              2856816
                 153;              2859928
                 154;              2846180
                 155;              2853648
                 156;              2847164
                 157;              2844376
                 158;              2839020
                 159;              2837448
                 160;              2839080
                 161;              2870244
                 162;              2864092
                 163;              2859532
                 164;              2858028
                 165;              2839080
                 166;              2854020
                 167;              2853860
                 168;              2838292
                 169;              2840240
                 170;              2839092
                 171;              2842684
                 172;              2838768
                 173;              2864180
                 174;              2862696
                 175;              2859380
                 176;              2845196
                 177;              2852268
                 178;              2854628
                 179;              2845832
                 180;              7898700
                 181;              2861288
                 182;              2860484
                 183;              2849500
                 184;              2855572
                 185;              2848216
                 186;              2836664
                 187;              2836764
                 188;              2887936
                 189;              2864328
                 190;              2864316
                 191;              2847788
                 192;              2860620
                 193;              2848504
                 194;              2847584
                 195;              2854736
                 196;              2837836
                 197;              2832984
                 198;              2842992
                 199;              2867228
                 200;              2867056
                 201;              2859608
                 202;              2841108
                 203;              2872008
                 204;              2848816
                 205;              2846256
                 206;              2839552
                 207;              2845532
                 208;              2837948
                 209;              2837060
                 210;              2867736
                 211;              2859744
                 212;              2854092
                 213;              2843224
                 214;              2849852
                 215;              2848904
                 216;              2844180
                 217;              2854112
                 218;              2851016
                 219;              2847260
                 220;              2843908
                 221;              2837300
                 222;              2835260
                 223;              2869352
                 224;              2861136
                 225;              2860176
                 226;              2857244
                 227;              2852064
                 228;              2851608
                 229;              2849044
                 230;              2845688
                 231;              2837220
                 232;              2846324
                 233;              2838160
                 234;              2868356
                 235;              2868064
                 236;              2856408
                 237;              2828312
                 238;              2859124
                 239;              2863776
                 240;              2848512
                 241;              2840104
                 242;              2839980
                 243;              2842076
                 244;              2866760
                 245;              2883412
                 246;              2856824
                 247;              2859536
                 248;              2843660
                 249;              2861332
                 250;              2848968
                 251;              2850224
                 252;              3105984
                 253;              3344484
                 254;              2881676
                 255;              2875920
                 256;              2861696
                 257;              3011516
                 258;              2863176
                 259;              3026768
                 260;              2882008
                 261;              3246048
                 262;              2862672
                 263;              2923760
                 264;              2946460
                 265;              2867680
                 266;              3008880
                 267;              2863472
                 268;              3058476
                 269;              2850152
                 270;              2985760
                 271;              2860232
                 272;              3018348
                 273;              2892056
                 274;              2999280
                 275;              2887916
                 276;              3087260
                 277;              2871848
                 278;              2854304
                 279;              3544284
                 280;              2873600
                 281;              2842924
                 282;              2937352
                 283;              2872716
                 284;              3031096
                 285;              2883052
                 286;              2986832
                 287;              2872476
                 288;              3049024
                 289;              2873072
                 290;              3013484
                 291;              3125988
                 292;              2897404
                 293;              3046140
                 294;              2881252
                 295;              2841884
                 296;              2982728
                 297;              2863364
                 298;              2980920
                 299;              2850856
                 300;              3022592
                 301;              2867040
                 302;              3005068
                 303;              3848048
                 304;              2863292
                 305;              3050808
                 306;              2878756
                 307;              3019640
                 308;              2870176
                 309;              2854984
                 310;              2985828
                 311;              2875644
                 312;              3041468
                 313;              2876000
                 314;              2985304
                 315;              2916592
                 316;              4755844
                 317;              2859372
                 318;              3023100
                 319;              2886972
                 320;              3000936
                 321;              2849632
                 322;              3009168
                 323;              2876204
                 324;              3055988
                 325;              2879200
                 326;              3012352
                 327;              2860416
                 328;              2883516
                 329;              2946544
                 330;              2886240
                 331;              3000400
                 332;              2861772
                 333;              2984408
                 334;              2869568
                 335;              3022560
                 336;              2870992
                 337;              3005960
                 338;              2925404
                 339;              2871468
                 340;              2873024
                 341;              2975124
                 342;              2859584
                 343;              3018892
                 344;              2856600
                 345;              2992288
                 346;              2865716
                 347;              2902180
                 348;              2900176
                 349;              2940812
                 350;              4816096
                 351;              2858040
                 352;              3007840
                 353;              2861160
                 354;              2971736
                 355;              2862772
                 356;              3039300
                 357;              2887016
                 358;              3030072
                 359;              2864672
