                   0;              4718600
                   1;              4841160
                   2;              4675448
                   3;              4810708
                   4;              4667988
                   5;              4693440
                   6;              4671748
                   7;              4642784
                   8;              4651884
                   9;              4645616
                  10;              4644560
                  11;              4641180
                  12;              4640528
                  13;              4642368
                  14;              4641152
                  15;              4639116
                  16;              4641996
                  17;              4684260
                  18;              4680500
                  19;              4682624
                  20;              4679820
                  21;              4731624
                  22;              4682260
                  23;              4675084
                  24;              4674296
                  25;              4674864
                  26;              4711236
                  27;              4648748
                  28;              4648136
                  29;              4643244
                  30;              4666824
                  31;              4642796
                  32;              4642728
                  33;              4642196
                  34;              4643184
                  35;              4641112
                  36;              4641800
                  37;              4648332
                  38;              4695440
                  39;              4683076
                  40;              4675356
                  41;              4681796
                  42;              4676632
                  43;              4682168
                  44;              4691644
                  45;              4677436
                  46;              4677668
                  47;              4689412
                  48;              4643352
                  49;              4648724
                  50;              4647244
                  51;              4645732
                  52;              4641400
                  53;              4643396
                  54;              4642748
                  55;              4643764
                  56;              4638212
                  57;              4640260
                  58;              4640516
                  59;              4680072
                  60;              4680664
                  61;              4679348
                  62;              4677424
                  63;              4679272
                  64;              4686956
                  65;              4675736
                  66;              4676724
                  67;              4678092
                  68;              4677976
                  69;              4641640
                  70;              4645552
                  71;              4645728
                  72;              4639568
                  73;              4644412
                  74;              4640320
                  75;              4641376
                  76;              4645284
                  77;              4637188
                  78;              4638776
                  79;              4641228
                  80;              4644604
                  81;              4686616
                  82;              4731236
                  83;              4680500
                  84;              4677136
                  85;              4678252
                  86;              4673476
                  87;              4673112
                  88;              4679492
                  89;              4677584
                  90;              4673704
                  91;              4641540
                  92;              4651700
                  93;              4645248
                  94;              4645540
                  95;              4640552
                  96;              4639648
                  97;              4643624
                  98;              4640180
                  99;              4639400
                 100;              4646692
                 101;              4642052
                 102;              4674516
                 103;              4680208
                 104;              4682196
                 105;              4731668
                 106;              4682712
                 107;              4689340
                 108;              4676388
                 109;              4676852
                 110;              4678156
                 111;              4678316
                 112;              4640572
                 113;              4645632
                 114;              4646972
                 115;              4641036
                 116;              4642980
                 117;              4644672
                 118;              4641216
                 119;              4641488
                 120;              4641444
                 121;              4645284
                 122;              4641696
                 123;              4638144
                 124;              4682240
                 125;              4680880
                 126;              4678636
                 127;              4677528
                 128;              4677364
                 129;              4676136
                 130;              4686480
                 131;              4674068
                 132;              4674172
                 133;              4679132
                 134;              4637732
                 135;              4647688
                 136;              4650496
                 137;              4639420
                 138;              4640608
                 139;              4645368
                 140;              4641356
                 141;              4642680
                 142;              4638980
                 143;              4734664
                 144;              4689808
                 145;              4685808
                 146;              4678164
                 147;              4669852
                 148;              4676656
                 149;              4674708
                 150;              4671280
                 151;              4639536
                 152;              4650308
                 153;              4647456
                 154;              4641988
                 155;              4642640
                 156;              4642100
                 157;              4644392
                 158;              4643008
                 159;              4641488
                 160;              4642732
                 161;              4698292
                 162;              4680268
                 163;              4675996
                 164;              4676828
                 165;              4678080
                 166;              4687184
                 167;              4673412
                 168;              4677192
                 169;              4680028
                 170;              4677624
                 171;              4670428
                 172;              4648856
                 173;              4648512
                 174;              4644740
                 175;              4639728
                 176;              4641444
                 177;              4640568
                 178;              4639744
                 179;              4642612
                 180;              4639068
                 181;              4638124
                 182;              4677856
                 183;              4686324
                 184;              4678504
                 185;              4680248
                 186;              4674380
                 187;              4677016
                 188;              4676104
                 189;              4674048
                 190;              4675892
                 191;              4680436
                 192;              4680804
                 193;              4647780
                 194;              4648064
                 195;              4640968
                 196;              4639352
                 197;              4647372
                 198;              4641564
                 199;              4640500
                 200;              4643148
                 201;              4641464
                 202;              4646096
                 203;              4642460
                 204;              4679444
                 205;              4681288
                 206;              4682324
                 207;              4676924
                 208;              4676096
                 209;              4685620
                 210;              4678764
                 211;              4674444
                 212;              4674920
                 213;              4678436
                 214;              4678836
                 215;              4642092
                 216;              4648460
                 217;              4643368
                 218;              4642224
                 219;              4639116
                 220;              4643164
                 221;              4642676
                 222;              4639968
                 223;              4641604
                 224;              4640088
                 225;              4644276
                 226;              4689384
                 227;              4693364
                 228;              4679256
                 229;              4675188
                 230;              4676528
                 231;              4677656
                 232;              4677676
                 233;              4677128
                 234;              4674080
                 235;              4682372
                 236;              4676212
                 237;              4640388
                 238;              4645128
                 239;              4644584
                 240;              4642980
                 241;              4641976
                 242;              4643536
                 243;              4642152
                 244;              4639904
                 245;              4642828
                 246;              4640688
                 247;              4641872
                 248;              4678056
                 249;              4679204
                 250;              4678812
                 251;              4751768
                 252;              4801932
                 253;              4743332
                 254;              4691024
                 255;              4669312
                 256;              4691700
                 257;              4692720
                 258;              4646188
                 259;              4674708
                 260;              4666316
                 261;              4693160
                 262;              4674228
                 263;              4644144
                 264;              4722916
                 265;              4758536
                 266;              4677904
                 267;              4677032
                 268;              4677700
                 269;              4675992
                 270;              4674024
                 271;              4684708
                 272;              4641292
                 273;              4686620
                 274;              4714456
                 275;              4645664
                 276;              4700852
                 277;              4702792
                 278;              4705904
                 279;              4680448
                 280;              4709508
                 281;              4730332
                 282;              4675488
                 283;              4736168
                 284;              4722828
                 285;              4859908
                 286;              4713356
                 287;              4705028
                 288;              4656740
                 289;              4695736
                 290;              4653436
                 291;              4697596
                 292;              4694568
                 293;              4687264
                 294;              4734804
                 295;              4671728
                 296;              4740168
                 297;              4948792
                 298;              4732412
                 299;              4635496
                 300;              4719124
                 301;              4689260
                 302;              4673408
                 303;              4712848
                 304;              4651372
                 305;              4713232
                 306;              4692808
                 307;              4694540
                 308;              4742000
                 309;              4687308
                 310;              4732684
                 311;              4700536
                 312;              4726596
                 313;              4746840
                 314;              4653364
                 315;              4712148
                 316;              4697536
                 317;              4645980
                 318;              4715648
                 319;              4640952
                 320;              4701000
                 321;              4959640
                 322;              4724784
                 323;              4691776
                 324;              4725392
                 325;              4685800
                 326;              4755888
                 327;              4734984
                 328;              4640536
                 329;              4698788
                 330;              4685460
                 331;              4681352
                 332;              4696308
                 333;              4648200
                 334;              4873988
                 335;              4637320
                 336;              4759860
                 337;              4724976
                 338;              4685060
                 339;              4749216
                 340;              4749768
                 341;              4686892
                 342;              4731764
                 343;              4641492
                 344;              4713436
                 345;              4701240
                 346;              4662768
                 347;              4692640
                 348;              4639980
                 349;              4714924
                 350;              4689616
                 351;              4685540
                 352;              4736300
                 353;              4690112
                 354;              4675204
                 355;              4698328
                 356;              4692360
                 357;              4676640
                 358;              4661068
                 359;              4680640
