                   0;              5628572
                   1;              7087832
                   2;              5570928
                   3;              5571544
                   4;              5568656
                   5;              5611252
                   6;              5608204
                   7;              5608972
                   8;              5597604
                   9;              5568644
                  10;              5567736
                  11;              5607076
                  12;              5606756
                  13;              5646500
                  14;              5602832
                  15;              5571768
                  16;              5565052
                  17;              5564728
                  18;              5604380
                  19;              5605868
                  20;              5603400
                  21;              5610728
                  22;              5568488
                  23;              5565756
                  24;              5568820
                  25;              5607648
                  26;              5602232
                  27;              5604280
                  28;              5612740
                  29;              5575736
                  30;              5568048
                  31;              5566088
                  32;              5603868
                  33;              5602232
                  34;              5600412
                  35;              5602952
                  36;              5571808
                  37;              5569004
                  38;              5565424
                  39;              5600192
                  40;              5601888
                  41;              5632848
                  42;              5646888
                  43;              5608208
                  44;              5608760
                  45;              5604048
                  46;              5602892
                  47;              5579836
                  48;              5569184
                  49;              5568400
                  50;              5608488
                  51;              5605048
                  52;              5605288
                  53;              5606556
                  54;              5572912
                  55;              5565008
                  56;              5566160
                  57;              5617036
                  58;              5596256
                  59;              5601856
                  60;              5606156
                  61;              5568064
                  62;              5566580
                  63;              5604884
                  64;              5605600
                  65;              5611448
                  66;              5604672
                  67;              5563852
                  68;              5563068
                  69;              5567012
                  70;              5603724
                  71;              5601756
                  72;              5603844
                  73;              5608184
                  74;              5562516
                  75;              5569736
                  76;              5566312
                  77;              5600992
                  78;              5601880
                  79;              5605772
                  80;              5601208
                  81;              5564452
                  82;              5570172
                  83;              5564732
                  84;              5608568
                  85;              5602536
                  86;              5601056
                  87;              5598280
                  88;              5574808
                  89;              5566184
                  90;              5565416
                  91;              5606432
                  92;              5599636
                  93;              5603628
                  94;              5602204
                  95;              5572192
                  96;              5566524
                  97;              5563092
                  98;              5602096
                  99;              5601196
                 100;              5605180
                 101;              5608224
                 102;              5575140
                 103;              5568588
                 104;              5564904
                 105;              5615364
                 106;              5607748
                 107;              5600684
                 108;              5604788
                 109;              5580032
                 110;              5566296
                 111;              5564504
                 112;              5606012
                 113;              5607376
                 114;              5603800
                 115;              5604172
                 116;              5573520
                 117;              5560044
                 118;              5566140
                 119;              5604764
                 120;              5602684
                 121;              5612408
                 122;              5601728
                 123;              5568912
                 124;              5565532
                 125;              5604092
                 126;              5606656
                 127;              5604408
                 128;              5601980
                 129;              5565416
                 130;              5566776
                 131;              5566672
                 132;              5606312
                 133;              5607016
                 134;              5607120
                 135;              5600492
                 136;              5570032
                 137;              5569644
                 138;              5570872
                 139;              5626236
                 140;              5609436
                 141;              5604204
                 142;              5604220
                 143;              5577292
                 144;              5564508
                 145;              5567152
                 146;              5603280
                 147;              5602908
                 148;              5604824
                 149;              5600064
                 150;              5583060
                 151;              5575296
                 152;              5569876
                 153;              5603928
                 154;              5607604
                 155;              5601968
                 156;              5604536
                 157;              5570712
                 158;              5568364
                 159;              5604036
                 160;              5601824
                 161;              5610696
                 162;              5603920
                 163;              5602220
                 164;              5564012
                 165;              5566788
                 166;              5605304
                 167;              5613316
                 168;              5603260
                 169;              5599228
                 170;              5597176
                 171;              5563752
                 172;              5938376
                 173;              5623356
                 174;              5606868
                 175;              5607828
                 176;              5626220
                 177;              5572844
                 178;              5568212
                 179;              5623584
                 180;              5617408
                 181;              5602132
                 182;              5596260
                 183;              5575420
                 184;              5567180
                 185;              5564296
                 186;              5623388
                 187;              5603296
                 188;              5598172
                 189;              5597380
                 190;              5573088
                 191;              5570688
                 192;              5566712
                 193;              5603004
                 194;              5601492
                 195;              5610232
                 196;              5601448
                 197;              5576172
                 198;              5565820
                 199;              5566960
                 200;              5605836
                 201;              5601008
                 202;              5601140
                 203;              5605796
                 204;              5576440
                 205;              5564632
                 206;              5562768
                 207;              5604672
                 208;              5603560
                 209;              5601468
                 210;              5600444
                 211;              5573216
                 212;              5568708
                 213;              5564624
                 214;              5620332
                 215;              5605832
                 216;              5603852
                 217;              5601808
                 218;              5571472
                 219;              5564108
                 220;              5567948
                 221;              5601064
                 222;              5615052
                 223;              5609840
                 224;              5602168
                 225;              5571088
                 226;              5565324
                 227;              5566528
                 228;              5600564
                 229;              5600300
                 230;              5602520
                 231;              5599952
                 232;              5571488
                 233;              5564656
                 234;              5566696
                 235;              5600556
                 236;              5601488
                 237;              5613064
                 238;              5602032
                 239;              5569500
                 240;              5564288
                 241;              5565416
                 242;              5607164
                 243;              5601996
                 244;              5605860
                 245;              5602760
                 246;              5573280
                 247;              5565600
                 248;              5564568
                 249;              5600664
                 250;              5611636
                 251;              5605964
                 252;              5730572
                 253;              5714488
                 254;              5609540
                 255;              5687876
                 256;              5640412
                 257;              5608104
                 258;              5629356
                 259;              5606284
                 260;              5598856
                 261;              5668728
                 262;              5640324
                 263;              5617360
                 264;              5615608
                 265;              5611440
                 266;              5624776
                 267;              5644816
                 268;              5629868
                 269;              5601376
                 270;              5867372
                 271;              5710028
                 272;              5605792
                 273;              5641908
                 274;              5632672
                 275;              5611824
                 276;              5589468
                 277;              5579104
                 278;              5612156
                 279;              5596440
                 280;              5626336
                 281;              5893876
                 282;              5614732
                 283;              5585252
                 284;              5591744
                 285;              5637316
                 286;              5646908
                 287;              5619112
                 288;              5630808
                 289;              5604564
                 290;              5583500
                 291;              5639032
                 292;              5590340
                 293;              5801280
                 294;              5639656
                 295;              5595300
                 296;              5590008
                 297;              5617896
                 298;              5645292
                 299;              5585300
                 300;              5630428
                 301;              5565692
                 302;              5685216
                 303;              5622792
                 304;              5633664
                 305;              5601392
                 306;              5648212
                 307;              5566448
                 308;              5625356
                 309;              5632020
                 310;              5639288
                 311;              5620092
                 312;              5611676
                 313;              5594796
                 314;              5598624
                 315;              5660468
                 316;              5617992
                 317;              5626152
                 318;              5621496
                 319;              5617028
                 320;              5617600
                 321;              5637556
                 322;              5639844
                 323;              5610552
                 324;              5606616
                 325;              5559576
                 326;              5650700
                 327;              5597928
                 328;              5625872
                 329;              5621380
                 330;              5633272
                 331;              5585956
                 332;              5624588
                 333;              5645404
                 334;              5640940
                 335;              5621808
                 336;              5587324
                 337;              5611312
                 338;              5570232
                 339;              5640068
                 340;              5598412
                 341;              5642888
                 342;              5576144
                 343;              5590952
                 344;              5594032
                 345;              5664276
                 346;              5742688
                 347;              5629052
                 348;              5583484
                 349;              5599704
                 350;              5655288
                 351;              5632828
                 352;              5627100
                 353;              5688400
                 354;              5590448
                 355;              5588520
                 356;              5596880
                 357;              5658628
                 358;              5591924
                 359;              5614900
