                   0;              5584964
                   1;              5611632
                   2;              5735632
                   3;              5604364
                   4;              5557132
                   5;              5570204
                   6;              5568676
                   7;              5605168
                   8;              5607184
                   9;              5601568
                  10;              5601860
                  11;              5572484
                  12;              5570476
                  13;              5569656
                  14;              5612300
                  15;              5606328
                  16;              5599968
                  17;              5601812
                  18;              5576716
                  19;              5571352
                  20;              5566668
                  21;              5619324
                  22;              5604336
                  23;              5600616
                  24;              5560264
                  25;              5566592
                  26;              5570044
                  27;              5610872
                  28;              5616872
                  29;              5608512
                  30;              5596404
                  31;              5571488
                  32;              5568600
                  33;              5567436
                  34;              5607088
                  35;              5601112
                  36;              5609688
                  37;              5598484
                  38;              5568816
                  39;              5569792
                  40;              5569748
                  41;              5609248
                  42;              6148220
                  43;              5603992
                  44;              5571440
                  45;              5570972
                  46;              5583624
                  47;              5621924
                  48;              5602916
                  49;              5598620
                  50;              5600016
                  51;              5571180
                  52;              5569696
                  53;              5619196
                  54;              5605456
                  55;              5607448
                  56;              5605396
                  57;              5564432
                  58;              5568896
                  59;              5562840
                  60;              5609312
                  61;              5626488
                  62;              5604568
                  63;              5603044
                  64;              5564788
                  65;              5570472
                  66;              5566292
                  67;              5616184
                  68;              5616476
                  69;              5609900
                  70;              5604264
                  71;              5559816
                  72;              5570164
                  73;              5564888
                  74;              5605544
                  75;              5604272
                  76;              5606464
                  77;              5612484
                  78;              5569272
                  79;              5569288
                  80;              5567688
                  81;              5605992
                  82;              5605920
                  83;              5606160
                  84;              5605936
                  85;              5561060
                  86;              5568316
                  87;              5566392
                  88;              5603164
                  89;              5603640
                  90;              5604960
                  91;              5605460
                  92;              5566656
                  93;              5567756
                  94;              5568924
                  95;              5600976
                  96;              5613812
                  97;              5603604
                  98;              5603108
                  99;              5565976
                 100;              5605428
                 101;              5569780
                 102;              5606012
                 103;              5602508
                 104;              5601636
                 105;              5606532
                 106;              5562700
                 107;              5570364
                 108;              5567796
                 109;              5610232
                 110;              5608516
                 111;              5606716
                 112;              5602972
                 113;              5566844
                 114;              5565008
                 115;              5564460
                 116;              5606152
                 117;              5607704
                 118;              5604696
                 119;              5599240
                 120;              5565536
                 121;              5566948
                 122;              5566844
                 123;              5622676
                 124;              5616176
                 125;              5601772
                 126;              5600788
                 127;              5563776
                 128;              5570116
                 129;              5569432
                 130;              5611672
                 131;              5617616
                 132;              5609544
                 133;              5600408
                 134;              5564408
                 135;              5567448
                 136;              5574328
                 137;              5621844
                 138;              5604600
                 139;              5595292
                 140;              5621932
                 141;              5572492
                 142;              5570028
                 143;              5570076
                 144;              5604532
                 145;              5606476
                 146;              5604280
                 147;              5605256
                 148;              5578552
                 149;              5565940
                 150;              5565952
                 151;              5605424
                 152;              5613596
                 153;              5606228
                 154;              5604220
                 155;              5576116
                 156;              5568896
                 157;              5565948
                 158;              5611540
                 159;              5608204
                 160;              5602184
                 161;              5594620
                 162;              5576384
                 163;              5566812
                 164;              5564544
                 165;              5604968
                 166;              5608280
                 167;              5602476
                 168;              5603136
                 169;              5576660
                 170;              5568384
                 171;              5565580
                 172;              5608180
                 173;              6129856
                 174;              5602160
                 175;              5566048
                 176;              5570464
                 177;              5573840
                 178;              5620924
                 179;              5631484
                 180;              5615436
                 181;              5623608
                 182;              5570536
                 183;              5569360
                 184;              5627664
                 185;              5607244
                 186;              5607368
                 187;              5607932
                 188;              5563432
                 189;              5572248
                 190;              5567556
                 191;              5627592
                 192;              5606876
                 193;              5601572
                 194;              5597636
                 195;              5576128
                 196;              5566628
                 197;              5566960
                 198;              5608800
                 199;              5614872
                 200;              5599124
                 201;              5599312
                 202;              5575092
                 203;              5567508
                 204;              5572636
                 205;              5614700
                 206;              5608128
                 207;              5614200
                 208;              5607004
                 209;              5570956
                 210;              5564876
                 211;              5603388
                 212;              5606100
                 213;              5606176
                 214;              5602156
                 215;              5556092
                 216;              5565836
                 217;              5568596
                 218;              5604304
                 219;              5601676
                 220;              5602152
                 221;              5597744
                 222;              5568400
                 223;              5569648
                 224;              5567988
                 225;              5601664
                 226;              5653432
                 227;              5605872
                 228;              5602628
                 229;              5572508
                 230;              5572524
                 231;              5572424
                 232;              5602312
                 233;              5608168
                 234;              5600380
                 235;              5605768
                 236;              5577872
                 237;              5571396
                 238;              5563796
                 239;              5607844
                 240;              5637668
                 241;              5611588
                 242;              5601668
                 243;              5574724
                 244;              5569048
                 245;              5565928
                 246;              5606276
                 247;              5600564
                 248;              5606644
                 249;              5604700
                 250;              5582844
                 251;              5694056
                 252;              5782296
                 253;              5597192
                 254;              5662320
                 255;              5578496
                 256;              5611884
                 257;              5619028
                 258;              5806404
                 259;              5606300
                 260;              5650708
                 261;              5569936
                 262;              5627636
                 263;              5581144
                 264;              5659492
                 265;              5636860
                 266;              5649392
                 267;              5574008
                 268;              5615040
                 269;              5556924
                 270;              5680472
                 271;              5651612
                 272;              5620720
                 273;              5590100
                 274;              5613248
                 275;              5577768
                 276;              5647348
                 277;              5635580
                 278;              5632432
                 279;              5622464
                 280;              5584304
                 281;              5587956
                 282;              5652100
                 283;              5595948
                 284;              5628564
                 285;              5694976
                 286;              5623936
                 287;              5591220
                 288;              5644440
                 289;              5635976
                 290;              5616344
                 291;              5628176
                 292;              5575336
                 293;              5613840
                 294;              5604080
                 295;              5628080
                 296;              5608960
                 297;              5700356
                 298;              5619712
                 299;              5580248
                 300;              5642688
                 301;              5597276
                 302;              5643180
                 303;              6148876
                 304;              5599824
                 305;              5584400
                 306;              5669676
                 307;              5610640
                 308;              5621388
                 309;              5615664
                 310;              5611888
                 311;              5583652
                 312;              5619436
                 313;              5627936
                 314;              5615208
                 315;              5630072
                 316;              5582552
                 317;              5597468
                 318;              5645804
                 319;              5636204
                 320;              5619120
                 321;              5575716
                 322;              5611768
                 323;              5566696
                 324;              5636636
                 325;              5618432
                 326;              5596328
                 327;              5613300
                 328;              5567860
                 329;              5595368
                 330;              5644080
                 331;              5648132
                 332;              5612284
                 333;              5591120
                 334;              5599004
                 335;              5591372
                 336;              5630180
                 337;              5609940
                 338;              5640392
                 339;              5600096
                 340;              5596008
                 341;              5555700
                 342;              5786064
                 343;              5634508
                 344;              5600808
                 345;              5638896
                 346;              5555668
                 347;              5663720
                 348;              5645512
                 349;              5622104
                 350;              5632672
                 351;              5583504
                 352;              5606720
                 353;              5578116
                 354;              5639716
                 355;              5585664
                 356;              5644088
                 357;              5585556
                 358;              5595088
                 359;              5598288
