                   0;              5264136
                   1;              5222672
                   2;              5221208
                   3;              5278460
                   4;              5275732
                   5;              5274756
                   6;              5266556
                   7;              5262448
                   8;              5210552
                   9;              5222352
                  10;              5217696
                  11;              5217324
                  12;              5255996
                  13;              5435644
                  14;              5256784
                  15;              5255176
                  16;              5256736
                  17;              5224396
                  18;              5276376
                  19;              5216924
                  20;              5216644
                  21;              5267076
                  22;              5253684
                  23;              5253884
                  24;              5248516
                  25;              5254168
                  26;              5223824
                  27;              5216744
                  28;              5216248
                  29;              5216072
                  30;              5254144
                  31;              5253544
                  32;              5251292
                  33;              5254044
                  34;              5261524
                  35;              5223688
                  36;              5215792
                  37;              5213892
                  38;              5217512
                  39;              5256344
                  40;              5256472
                  41;              5246752
                  42;              5550736
                  43;              5235140
                  44;              5218804
                  45;              5220236
                  46;              5341544
                  47;              5261560
                  48;              5252520
                  49;              5292436
                  50;              5251208
                  51;              5225884
                  52;              5213868
                  53;              5213180
                  54;              5214388
                  55;              5251872
                  56;              5253740
                  57;              5265424
                  58;              5261324
                  59;              5251972
                  60;              5224216
                  61;              5215676
                  62;              5218420
                  63;              5213720
                  64;              5259228
                  65;              5267000
                  66;              5259192
                  67;              5252144
                  68;              5281580
                  69;              5223400
                  70;              5217148
                  71;              5216332
                  72;              5217272
                  73;              5255544
                  74;              5255216
                  75;              5251304
                  76;              5253144
                  77;              5252804
                  78;              5222248
                  79;              5218196
                  80;              5213500
                  81;              5214236
                  82;              5256008
                  83;              5255168
                  84;              5251976
                  85;              5252660
                  86;              5251092
                  87;              5231104
                  88;              5213264
                  89;              5216260
                  90;              5214756
                  91;              5257248
                  92;              5260756
                  93;              5252044
                  94;              5251812
                  95;              5265540
                  96;              5223040
                  97;              5216320
                  98;              5217092
                  99;              5211036
                 100;              5257568
                 101;              5257736
                 102;              5253184
                 103;              5260348
                 104;              5256480
                 105;              5219892
                 106;              5217740
                 107;              6280440
                 108;              5253508
                 109;              5255252
                 110;              5252904
                 111;              5252356
                 112;              5224384
                 113;              5215860
                 114;              5213820
                 115;              5215836
                 116;              5254836
                 117;              5259080
                 118;              5255740
                 119;              5251420
                 120;              5255460
                 121;              5224220
                 122;              5216280
                 123;              5216332
                 124;              5215664
                 125;              5254624
                 126;              5254964
                 127;              5251488
                 128;              5252404
                 129;              5256080
                 130;              5219696
                 131;              5216256
                 132;              5213060
                 133;              5215612
                 134;              5256996
                 135;              5253792
                 136;              5249816
                 137;              5252184
                 138;              5252336
                 139;              5225728
                 140;              5216888
                 141;              5213804
                 142;              5214804
                 143;              5255412
                 144;              5262736
                 145;              5253328
                 146;              5259016
                 147;              5265596
                 148;              5220740
                 149;              5218108
                 150;              5220548
                 151;              5219060
                 152;              5258816
                 153;              5249372
                 154;              5250844
                 155;              5264896
                 156;              5254968
                 157;              5221756
                 158;              5216468
                 159;              5214792
                 160;              5214248
                 161;              5254140
                 162;              5251584
                 163;              5262996
                 164;              5253620
                 165;              5256228
                 166;              5220880
                 167;              5214336
                 168;              5214888
                 169;              5214800
                 170;              5253712
                 171;              5253004
                 172;              5247808
                 173;              5257420
                 174;              5257468
                 175;              5221592
                 176;              5217264
                 177;              6042472
                 178;              5263164
                 179;              5500716
                 180;              5259572
                 181;              5250276
                 182;              5221956
                 183;              5215492
                 184;              5220116
                 185;              5213820
                 186;              5278052
                 187;              5255396
                 188;              5257104
                 189;              5253436
                 190;              5254356
                 191;              5225344
                 192;              5215504
                 193;              5215840
                 194;              5212672
                 195;              5256164
                 196;              5257420
                 197;              5258208
                 198;              5250136
                 199;              5255040
                 200;              5235540
                 201;              5223584
                 202;              5215712
                 203;              5215228
                 204;              5212912
                 205;              5256240
                 206;              5254520
                 207;              5252080
                 208;              5244604
                 209;              5259096
                 210;              5223912
                 211;              5217960
                 212;              5217500
                 213;              5215924
                 214;              5252964
                 215;              5258404
                 216;              5249432
                 217;              5252096
                 218;              5255620
                 219;              5222968
                 220;              5216484
                 221;              5216588
                 222;              5214208
                 223;              5256968
                 224;              5256920
                 225;              5258564
                 226;              5252628
                 227;              5263004
                 228;              5219288
                 229;              5221916
                 230;              5216544
                 231;              5217384
                 232;              5214468
                 233;              5255728
                 234;              5254832
                 235;              5254128
                 236;              5251012
                 237;              5250768
                 238;              5224832
                 239;              5219156
                 240;              5213708
                 241;              5219316
                 242;              5257680
                 243;              5254408
                 244;              5251740
                 245;              5255528
                 246;              5253960
                 247;              5219044
                 248;              5213732
                 249;              5217916
                 250;              5217964
                 251;              5259364
                 252;              5265208
                 253;              5253004
                 254;              5254744
                 255;              5257032
                 256;              5221152
                 257;              5217804
                 258;              5216620
                 259;              5584052
                 260;              5584988
                 261;              5337932
                 262;              5355408
                 263;              5245536
                 264;              5348388
                 265;              5298408
                 266;              5355704
                 267;              5405736
                 268;              5362028
                 269;              5332224
                 270;              5330816
                 271;              5368584
                 272;              5657084
                 273;              5339856
                 274;              5369012
                 275;              5401332
                 276;              5336324
                 277;              5292196
                 278;              5242616
                 279;              5339920
                 280;              5281592
                 281;              5336280
                 282;              5356344
                 283;              5247472
                 284;              5359080
                 285;              5301000
                 286;              5225376
                 287;              5336368
                 288;              5278232
                 289;              5338632
                 290;              5370108
                 291;              5288052
                 292;              5293744
                 293;              5209608
                 294;              5332632
                 295;              5304808
                 296;              5328260
                 297;              5323184
                 298;              5295988
                 299;              5359780
                 300;              5292420
                 301;              5291912
                 302;              5328848
                 303;              5236192
                 304;              5323168
                 305;              5298392
                 306;              5358024
                 307;              5316372
                 308;              5233856
                 309;              5286928
                 310;              5328584
                 311;              5688960
                 312;              5373084
                 313;              5492836
                 314;              5300628
                 315;              5239944
                 316;              5300852
                 317;              5261384
                 318;              5397684
                 319;              5342816
                 320;              5327268
                 321;              5974056
                 322;              5280660
                 323;              5324644
                 324;              5337668
                 325;              5282052
                 326;              5385880
                 327;              5244620
                 328;              5328656
                 329;              5319576
                 330;              5346844
                 331;              5297812
                 332;              5265560
                 333;              5356424
                 334;              5243948
                 335;              5359296
                 336;              5312112
                 337;              5343820
                 338;              5304452
                 339;              5228216
                 340;              5348040
                 341;              5249092
                 342;              5337652
                 343;              5355008
                 344;              5530844
                 345;              5334668
                 346;              5299416
                 347;              5255964
                 348;              5351740
                 349;              5249244
                 350;              5314040
                 351;              5355652
                 352;              5363652
                 353;              5295620
                 354;              5224920
                 355;              5375060
                 356;              5268916
                 357;              5344752
                 358;              6405384
                 359;              5292280
