                   0;              3927508
                   1;              5560852
                   2;              3925968
                   3;              3995164
                   4;              3909984
                   5;              3930196
                   6;              3903996
                   7;              3957916
                   8;              3900904
                   9;              3891652
                  10;              3893804
                  11;              3895824
                  12;              3895348
                  13;              3901428
                  14;              3852316
                  15;              3848936
                  16;              3848488
                  17;              3852508
                  18;              3853976
                  19;              3849108
                  20;              3853228
                  21;              3851996
                  22;              3851952
                  23;              3857004
                  24;              3854996
                  25;              3853836
                  26;              3857904
                  27;              3849448
                  28;              3892896
                  29;              3872600
                  30;              3870176
                  31;              4049764
                  32;              3856440
                  33;              3845988
                  34;              3941680
                  35;              3903248
                  36;              3904060
                  37;              3890052
                  38;              3892592
                  39;              3890684
                  40;              3908656
                  41;              3899640
                  42;              3897064
                  43;              3893980
                  44;              3853524
                  45;              3849796
                  46;              3850400
                  47;              3847908
                  48;              3859108
                  49;              3854640
                  50;              3858332
                  51;              3851752
                  52;              3857036
                  53;              3849140
                  54;              3853352
                  55;              3852912
                  56;              3854592
                  57;              3908704
                  58;              3886404
                  59;              3887352
                  60;              3890408
                  61;              3890080
                  62;              3889440
                  63;              3886088
                  64;              3890128
                  65;              3890208
                  66;              3902456
                  67;              3852004
                  68;              3854200
                  69;              3851520
                  70;              3851700
                  71;              3850560
                  72;              3853084
                  73;              3852872
                  74;              3852224
                  75;              3851200
                  76;              3853292
                  77;              3854176
                  78;              3858452
                  79;              3847880
                  80;              3852656
                  81;              3891676
                  82;              3883616
                  83;              3887380
                  84;              3892848
                  85;              3890516
                  86;              3889676
                  87;              3891468
                  88;              3888292
                  89;              3894444
                  90;              3851432
                  91;              3848308
                  92;              3849908
                  93;              3851604
                  94;              3849892
                  95;              3849520
                  96;              3857020
                  97;              3854712
                  98;              3852540
                  99;              3855432
                 100;              3852936
                 101;              3856496
                 102;              3849360
                 103;              3888872
                 104;              3888360
                 105;              3889784
                 106;              3894088
                 107;              3887392
                 108;              3898004
                 109;              3892560
                 110;              3905392
                 111;              3853692
                 112;              3852108
                 113;              3853384
                 114;              3851308
                 115;              3852764
                 116;              3856092
                 117;              3855036
                 118;              3856900
                 119;              3856688
                 120;              3855552
                 121;              3854124
                 122;              3854324
                 123;              3844316
                 124;              3886608
                 125;              3888620
                 126;              3885768
                 127;              3886172
                 128;              3886712
                 129;              3893032
                 130;              3897288
                 131;              3898616
                 132;              3852880
                 133;              3852736
                 134;              3853876
                 135;              3848060
                 136;              3852860
                 137;              3857540
                 138;              3852456
                 139;              3849596
                 140;              3855848
                 141;              3859660
                 142;              3859244
                 143;              3860696
                 144;              3884988
                 145;              3892908
                 146;              3893100
                 147;              3885520
                 148;              3891512
                 149;              3889960
                 150;              3906652
                 151;              3893292
                 152;              3900140
                 153;              3853332
                 154;              3858460
                 155;              3853560
                 156;              3852828
                 157;              3850492
                 158;              3850740
                 159;              3850192
                 160;              3855688
                 161;              3855600
                 162;              3852548
                 163;              3859320
                 164;              3848620
                 165;              3886516
                 166;              3995412
                 167;              3889616
                 168;              3884240
                 169;              3893536
                 170;              3890144
                 171;              3886048
                 172;              3893172
                 173;              3886280
                 174;              3850588
                 175;              3850620
                 176;              3856624
                 177;              3849936
                 178;              3851864
                 179;              3848696
                 180;              3857368
                 181;              3851808
                 182;              3856788
                 183;              3849852
                 184;              3856236
                 185;              3856608
                 186;              3920752
                 187;              3954228
                 188;              4047708
                 189;              3863600
                 190;              3863324
                 191;              3863904
                 192;              3856320
                 193;              3910892
                 194;              3901392
                 195;              3904884
                 196;              3891016
                 197;              3906800
                 198;              3896448
                 199;              3893288
                 200;              3902224
                 201;              3904244
                 202;              3893828
                 203;              3894396
                 204;              3852568
                 205;              3852172
                 206;              3852032
                 207;              3854396
                 208;              3851952
                 209;              3852336
                 210;              3847432
                 211;              3855892
                 212;              3854328
                 213;              3857056
                 214;              3857752
                 215;              3860976
                 216;              3860120
                 217;              3848380
                 218;              3887856
                 219;              3892696
                 220;              3888228
                 221;              3888444
                 222;              3889184
                 223;              3888100
                 224;              3891332
                 225;              3908676
                 226;              3888124
                 227;              3852888
                 228;              3854360
                 229;              3853900
                 230;              3850008
                 231;              3851956
                 232;              3854568
                 233;              3852900
                 234;              3858896
                 235;              3850220
                 236;              3846072
                 237;              3852560
                 238;              3858384
                 239;              3847060
                 240;              3883456
                 241;              3892644
                 242;              3887524
                 243;              3889232
                 244;              3902884
                 245;              3885824
                 246;              3891696
                 247;              3890408
                 248;              3895228
                 249;              3850320
                 250;              3850908
                 251;              3853112
                 252;              3858712
                 253;              3850160
                 254;              3852776
                 255;              3851748
                 256;              3855372
                 257;              3851872
                 258;              3852440
                 259;              3854248
                 260;              3855748
                 261;              3847592
                 262;              3858616
                 263;              3890428
                 264;              3897992
                 265;              3884136
                 266;              3901836
                 267;              3898300
                 268;              3903784
                 269;              3905776
                 270;              3924428
                 271;              3895716
                 272;              3893620
                 273;              3896264
                 274;              3865512
                 275;              3855016
                 276;              3857280
                 277;              3879528
                 278;              3861856
                 279;              3874816
                 280;              3859352
                 281;              3858316
                 282;              3868360
                 283;              3862336
                 284;              3868676
                 285;              3859860
                 286;              3876316
                 287;              3861932
                 288;              3865972
                 289;              3880196
                 290;              3893396
                 291;              3889896
                 292;              3891992
                 293;              3890436
                 294;              3891548
                 295;              3904008
                 296;              3892828
                 297;              3889208
                 298;              3886968
                 299;              3914012
                 300;              3865652
                 301;              3860672
                 302;              3852656
                 303;              3857900
                 304;              3858808
                 305;              3860860
                 306;              3860124
                 307;              3861956
                 308;              3884004
                 309;              3866524
                 310;              3878692
                 311;              3856852
                 312;              3865076
                 313;              3857740
                 314;              3855492
                 315;              3874008
                 316;              3934984
                 317;              3900368
                 318;              3891596
                 319;              3893096
                 320;              3887244
                 321;              3889156
                 322;              3889764
                 323;              3901728
                 324;              3894888
                 325;              3893468
                 326;              3893356
                 327;              3860456
                 328;              3869252
                 329;              3866472
                 330;              3881576
                 331;              3859972
                 332;              3853600
                 333;              3862752
                 334;              3858484
                 335;              3865732
                 336;              3865248
                 337;              3881696
                 338;              3859092
                 339;              3869996
                 340;              3853720
                 341;              3854528
                 342;              4637740
                 343;              3866492
                 344;              4104040
                 345;              3854276
                 346;              3858368
                 347;              3914044
                 348;              3928232
                 349;              3939712
                 350;              3898540
                 351;              3894964
                 352;              3899184
                 353;              3912700
                 354;              3887300
                 355;              3922040
                 356;              3903144
                 357;              3903296
                 358;              3891332
                 359;              3862964
