                   0;               705644
                   1;               688284
                   2;               694632
                   3;               686092
                   4;               730580
                   5;               693992
                   6;               693272
                   7;               688828
                   8;               687648
                   9;               690256
                  10;               687008
                  11;               692200
                  12;               689056
                  13;               689056
                  14;               683320
                  15;               696104
                  16;               691004
                  17;               679208
                  18;               704292
                  19;               689068
                  20;               690620
                  21;               698912
                  22;               687380
                  23;               685852
                  24;               688396
                  25;               688212
                  26;               684504
                  27;               722156
                  28;               673944
                  29;               674240
                  30;               665492
                  31;               691440
                  32;               691152
                  33;               685420
                  34;               689908
                  35;               691340
                  36;               689764
                  37;               686672
                  38;               701016
                  39;               674872
                  40;               674948
                  41;               695936
                  42;               689404
                  43;               690092
                  44;               733984
                  45;               677616
                  46;               680616
                  47;               677412
                  48;               687856
                  49;               682176
                  50;               692312
                  51;               688152
                  52;               686704
                  53;               687928
                  54;               692500
                  55;               692388
                  56;               686912
                  57;               691576
                  58;               703356
                  59;               669276
                  60;               690936
                  61;               691892
                  62;               680004
                  63;               701448
                  64;               735712
                  65;               687924
                  66;               686136
                  67;               688908
                  68;               686908
                  69;               690292
                  70;               688612
                  71;               689176
                  72;               686684
                  73;               687528
                  74;               690224
                  75;               691268
                  76;               693352
                  77;               692496
                  78;               692740
                  79;               689408
                  80;               686448
                  81;               741660
                  82;               690864
                  83;               687784
                  84;               730364
                  85;               692448
                  86;               691296
                  87;               690340
                  88;               683928
                  89;               686104
                  90;               689016
                  91;               678676
                  92;              1185484
                  93;               692464
                  94;               689012
                  95;               691520
                  96;               693316
                  97;               710096
                  98;               684912
                  99;               702528
                 100;               685892
                 101;               689168
                 102;               704968
                 103;               686024
                 104;               689712
                 105;               765876
                 106;               685804
                 107;               691112
                 108;               741440
                 109;               688772
                 110;               676712
                 111;               684516
                 112;               691652
                 113;               680720
                 114;               688152
                 115;               691088
                 116;               678768
                 117;               691912
                 118;               685652
                 119;               695332
                 120;               690624
                 121;               687452
                 122;               698836
                 123;               692808
                 124;               688892
                 125;               738664
                 126;               686280
                 127;               688600
                 128;               687636
                 129;               666740
                 130;               689884
                 131;               685384
                 132;               686404
                 133;               688952
                 134;               689700
                 135;               696176
                 136;               702720
                 137;               689656
                 138;               690552
                 139;               697904
                 140;               688744
                 141;               695448
                 142;               728888
                 143;               688392
                 144;               690316
                 145;               734944
                 146;               689184
                 147;               692304
                 148;               689748
                 149;               690876
                 150;               695988
                 151;               688520
                 152;               692560
                 153;               688988
                 154;               693596
                 155;               691412
                 156;               704276
                 157;               692216
                 158;               681512
                 159;               695752
                 160;               690580
                 161;               678000
                 162;               749216
                 163;               688896
                 164;               686988
                 165;               690712
                 166;               691944
                 167;               693756
                 168;               689284
                 169;               687248
                 170;               693400
                 171;               677196
                 172;               688880
                 173;               700788
                 174;               674744
                 175;               696104
                 176;               745440
                 177;               687020
                 178;               687700
                 179;               731156
                 180;               691924
                 181;               691936
                 182;               689304
                 183;               689472
                 184;               678556
                 185;               691968
                 186;               685332
                 187;               674504
                 188;               689712
                 189;               686856
                 190;               704580
                 191;               683752
                 192;               694848
                 193;               743540
                 194;               684332
                 195;               692552
                 196;               693120
                 197;               680208
                 198;               688976
                 199;               687596
                 200;               689056
                 201;               691652
                 202;               692372
                 203;               693020
                 204;               700508
                 205;               688116
                 206;               684140
                 207;               733388
                 208;               686364
                 209;               691392
                 210;               722460
                 211;               690588
                 212;               692444
                 213;               688796
                 214;               691360
                 215;               690108
                 216;               686968
                 217;               686512
                 218;               704344
                 219;               695612
                 220;               692788
                 221;               696500
                 222;               691648
                 223;               679324
                 224;               742104
                 225;               697504
                 226;               694376
                 227;               693660
                 228;               732132
                 229;               694116
                 230;               690256
                 231;               691916
                 232;               680068
                 233;               685060
                 234;               685976
                 235;               702000
                 236;               682524
                 237;               704512
                 238;               695636
                 239;               691348
                 240;               688852
                 241;               735424
                 242;               685404
                 243;               687960
                 244;               689012
                 245;               667176
                 246;               687420
                 247;               687640
                 248;               688152
                 249;               694204
                 250;               688836
                 251;               688696
                 252;               706572
                 253;               684776
                 254;               687584
                 255;               736296
                 256;               715228
                 257;               710728
                 258;               730100
                 259;               709192
                 260;               735260
                 261;               693852
                 262;               762640
                 263;               689068
                 264;               689476
                 265;               687524
                 266;               691768
                 267;               770372
                 268;               681072
                 269;               707292
                 270;               690024
                 271;               698492
                 272;               704104
                 273;               761688
                 274;               686312
                 275;               739240
                 276;               685820
                 277;               693528
                 278;               791564
                 279;               691300
                 280;               686268
                 281;               679936
                 282;               697796
                 283;               694564
                 284;               764572
                 285;               711004
                 286;               702160
                 287;               686944
                 288;               693736
                 289;               751404
                 290;               669464
                 291;               686712
                 292;               740372
                 293;               694376
                 294;               678252
                 295;               747924
                 296;               729596
                 297;               687712
                 298;               690944
                 299;               690680
                 300;               700980
                 301;               704984
                 302;               685720
                 303;               682748
                 304;               693328
                 305;               691016
                 306;               714532
                 307;               721012
                 308;               689164
                 309;               700296
                 310;               695240
                 311;               699108
                 312;               765444
                 313;               694056
                 314;               690536
                 315;               694412
                 316;               688232
                 317;               702188
                 318;               724808
                 319;               691880
                 320;               689776
                 321;               687104
                 322;               695496
                 323;              1086456
                 324;               704876
                 325;               692212
                 326;               679956
                 327;               693108
                 328;               699316
                 329;               688720
                 330;               751376
                 331;               687880
                 332;               726652
                 333;               687180
                 334;               689544
                 335;               766224
                 336;               700768
                 337;               702704
                 338;               688168
                 339;               696732
                 340;               691268
                 341;               761988
                 342;               693648
                 343;               689376
                 344;               703360
                 345;               678852
                 346;               919616
                 347;               707196
                 348;               703444
                 349;               786112
                 350;               709052
                 351;               691852
                 352;               695220
                 353;               712052
                 354;               719620
                 355;               689264
                 356;               774868
                 357;               690260
                 358;               747312
                 359;               752316
