                   0;              3851376
                   1;              3855140
                   2;              3898296
                   3;              4795256
                   4;              3854860
                   5;              3856820
                   6;              3865880
                   7;              3862320
                   8;              3852092
                   9;              3844644
                  10;              3898372
                  11;              3893064
                  12;              3896108
                  13;              3901084
                  14;              3899948
                  15;              3892848
                  16;              3891568
                  17;              3892688
                  18;              3889588
                  19;              3898752
                  20;              3896772
                  21;              3887340
                  22;              3851164
                  23;              3848992
                  24;              3853604
                  25;              3852236
                  26;              3849800
                  27;              3851768
                  28;              3851112
                  29;              3849140
                  30;              3853480
                  31;              3850504
                  32;              3851808
                  33;              3865740
                  34;              3865592
                  35;              3853224
                  36;              3886100
                  37;              3892920
                  38;              3891492
                  39;              3892184
                  40;              3885548
                  41;              3892252
                  42;              3906472
                  43;              3892048
                  44;              3891832
                  45;              3895384
                  46;              3853360
                  47;              3855776
                  48;              3854520
                  49;              3850352
                  50;              3858936
                  51;              3856000
                  52;              3852516
                  53;              3853588
                  54;              3852880
                  55;              3851592
                  56;              3852916
                  57;              3859600
                  58;              3858892
                  59;              3852940
                  60;              3892416
                  61;              3903660
                  62;              3888084
                  63;              4110160
                  64;              3913580
                  65;              3909416
                  66;              4017444
                  67;              3917824
                  68;              3888172
                  69;              3922236
                  70;              3896116
                  71;              3896408
                  72;              3894832
                  73;              3892544
                  74;              3889736
                  75;              3852560
                  76;              3849500
                  77;              3854104
                  78;              3853976
                  79;              3851564
                  80;              3848600
                  81;              3851532
                  82;              3856188
                  83;              3856060
                  84;              3851700
                  85;              3857484
                  86;              3860644
                  87;              3856216
                  88;              3886128
                  89;              3887024
                  90;              3888860
                  91;              3890056
                  92;              3890656
                  93;              3895716
                  94;              3911172
                  95;              3888192
                  96;              3893024
                  97;              3895660
                  98;              3855572
                  99;              3851752
                 100;              3849484
                 101;              3850764
                 102;              3851808
                 103;              3851036
                 104;              3856584
                 105;              3849268
                 106;              3853316
                 107;              3856172
                 108;              3851128
                 109;              3858988
                 110;              3851472
                 111;              3886872
                 112;              3892688
                 113;              3908028
                 114;              3885252
                 115;              3961400
                 116;              3896736
                 117;              3888816
                 118;              3896388
                 119;              3891736
                 120;              3852280
                 121;              3854932
                 122;              3851280
                 123;              3853736
                 124;              3852180
                 125;              3855316
                 126;              3849720
                 127;              3853988
                 128;              3853808
                 129;              3851812
                 130;              3857376
                 131;              3861352
                 132;              3854816
                 133;              3895844
                 134;              3898664
                 135;              3889128
                 136;              3889956
                 137;              3890248
                 138;              3891440
                 139;              3892232
                 140;              3938268
                 141;              3895528
                 142;              3888780
                 143;              3849884
                 144;              3857256
                 145;              3856540
                 146;              3855120
                 147;              3853180
                 148;              3851428
                 149;              3844508
                 150;              3853768
                 151;              3853816
                 152;              3854144
                 153;              3853760
                 154;              3858636
                 155;              3853876
                 156;              3890924
                 157;              3892540
                 158;              3887596
                 159;              3902848
                 160;              3873532
                 161;              3892504
                 162;              3895392
                 163;              3893504
                 164;              3889544
                 165;              3885384
                 166;              3852340
                 167;              3849944
                 168;              3856964
                 169;              3852856
                 170;              3853580
                 171;              3851880
                 172;              3851780
                 173;              3850724
                 174;              3855856
                 175;              3854824
                 176;              3858668
                 177;              3857936
                 178;              3852120
                 179;              3887680
                 180;              3886604
                 181;              3885248
                 182;              3891360
                 183;              3904992
                 184;              3891316
                 185;              3892484
                 186;              3894896
                 187;              3886192
                 188;              3850648
                 189;              3855472
                 190;              3854720
                 191;              3853120
                 192;              3852828
                 193;              3853512
                 194;              3849712
                 195;              3854444
                 196;              3849732
                 197;              3849224
                 198;              3865436
                 199;              3849732
                 200;              3887964
                 201;              3903768
                 202;              3891316
                 203;              3887436
                 204;              3888248
                 205;              3891996
                 206;              3894140
                 207;              3893500
                 208;              3909668
                 209;              3852888
                 210;              3854044
                 211;              3852064
                 212;              3855044
                 213;              3850592
                 214;              3851964
                 215;              3856196
                 216;              3854016
                 217;              3851148
                 218;              3853948
                 219;              3852576
                 220;              4095200
                 221;              3871004
                 222;              3901200
                 223;              3921076
                 224;              3937616
                 225;              3849864
                 226;              3848824
                 227;              3921080
                 228;              3904064
                 229;              3893960
                 230;              3894712
                 231;              3888748
                 232;              3903108
                 233;              3898184
                 234;              3903696
                 235;              3893320
                 236;              3852092
                 237;              3852972
                 238;              3853828
                 239;              3852396
                 240;              3848884
                 241;              3851016
                 242;              3855884
                 243;              3851380
                 244;              3855388
                 245;              3856252
                 246;              3851296
                 247;              3861264
                 248;              3858604
                 249;              3852852
                 250;              3889428
                 251;              3907364
                 252;              3891740
                 253;              3884464
                 254;              3888708
                 255;              3892980
                 256;              3944132
                 257;              3941180
                 258;              3951640
                 259;              3916992
                 260;              3931588
                 261;              3892892
                 262;              3890148
                 263;              3864140
                 264;              3857916
                 265;              4072804
                 266;              3872872
                 267;              3859716
                 268;              3925972
                 269;              3864604
                 270;              3890280
                 271;              3861188
                 272;              3862024
                 273;              3869508
                 274;              3861260
                 275;              3866252
                 276;              3858960
                 277;              3884188
                 278;              3905364
                 279;              3855244
                 280;              4060684
                 281;              3857804
                 282;              3906260
                 283;              3927044
                 284;              3903560
                 285;              3867724
                 286;              3897316
                 287;              3898476
                 288;              4094528
                 289;              3885680
                 290;              3916040
                 291;              3898896
                 292;              3890372
                 293;              3920340
                 294;              3883824
                 295;              3882484
                 296;              3899232
                 297;              3876476
                 298;              3850204
                 299;              3858044
                 300;              3861336
                 301;              3896716
                 302;              3864160
                 303;              4068192
                 304;              3882044
                 305;              3862904
                 306;              3909868
                 307;              3912232
                 308;              3857156
                 309;              3866844
                 310;              3865540
                 311;              3891252
                 312;              3857624
                 313;              3864616
                 314;              3890100
                 315;              3895312
                 316;              3931416
                 317;              3896140
                 318;              4299624
                 319;              3894400
                 320;              3897844
                 321;              3928520
                 322;              3887076
                 323;              3905452
                 324;              3910636
                 325;              3903768
                 326;              3885828
                 327;              3903272
                 328;              3864824
                 329;              3903588
                 330;              3860524
                 331;              3897048
                 332;              3856584
                 333;              3884564
                 334;              3897792
                 335;              3857708
                 336;              3857948
                 337;              3860168
                 338;              3864500
                 339;              4065520
                 340;              3875188
                 341;              3862032
                 342;              3906252
                 343;              3867140
                 344;              3888080
                 345;              3858084
                 346;              3855136
                 347;              3890724
                 348;              3890788
                 349;              3930604
                 350;              3884800
                 351;              3891716
                 352;              3895116
                 353;              3890768
                 354;              4100244
                 355;              3892576
                 356;              3901352
                 357;              3936920
                 358;              3901676
                 359;              3930788
