                   0;              4717164
                   1;              4710908
                   2;              4662612
                   3;              4653968
                   4;              4643224
                   5;              4645888
                   6;              4710580
                   7;              4699684
                   8;              4705196
                   9;              4698248
                  10;              4695428
                  11;              4697312
                  12;              4690196
                  13;              4642892
                  14;              4649244
                  15;              4645436
                  16;              4645836
                  17;              4646080
                  18;              4648976
                  19;              4643476
                  20;              4643144
                  21;              4645800
                  22;              4642040
                  23;              4643068
                  24;              4691372
                  25;              4686392
                  26;              4682100
                  27;              4677468
                  28;              4685068
                  29;              4678140
                  30;              4690360
                  31;              4693096
                  32;              4685492
                  33;              4676812
                  34;              4678432
                  35;              4682092
                  36;              4639896
                  37;              4648540
                  38;              4652676
                  39;              4642516
                  40;              4643292
                  41;              4645392
                  42;              4649372
                  43;              4647092
                  44;              4643484
                  45;              4647608
                  46;              4644760
                  47;              4643692
                  48;              4642624
                  49;              4686268
                  50;              4688204
                  51;              4684720
                  52;              4682220
                  53;              4682936
                  54;              4679300
                  55;              4680844
                  56;              4680688
                  57;              4680408
                  58;              4675092
                  59;              4675936
                  60;              4680468
                  61;              4677220
                  62;              4641820
                  63;              4647640
                  64;              4653052
                  65;              4646932
                  66;              4647168
                  67;              4642548
                  68;              4799608
                  69;              4683464
                  70;              4691532
                  71;              4717040
                  72;              4704380
                  73;              4696664
                  74;              4684140
                  75;              4679348
                  76;              4728820
                  77;              4679196
                  78;              4675640
                  79;              4683268
                  80;              4688112
                  81;              4644348
                  82;              4651552
                  83;              4653440
                  84;              4642108
                  85;              4644852
                  86;              4648836
                  87;              4645188
                  88;              4644492
                  89;              4647104
                  90;              4639720
                  91;              4639656
                  92;              4643760
                  93;              4645356
                  94;              4644452
                  95;              4683720
                  96;              4684616
                  97;              4687320
                  98;              4689360
                  99;              4725744
                 100;              4686716
                 101;              4681076
                 102;              4684884
                 103;              4679008
                 104;              4682944
                 105;              4682856
                 106;              4682544
                 107;              4682928
                 108;              4638060
                 109;              4646580
                 110;              4651112
                 111;              4641972
                 112;              4645852
                 113;              4645244
                 114;              4646408
                 115;              4648284
                 116;              4647816
                 117;              4644816
                 118;              4646364
                 119;              4646444
                 120;              4641172
                 121;              4646328
                 122;              4737224
                 123;              4697348
                 124;              4682012
                 125;              4686904
                 126;              4683612
                 127;              4682344
                 128;              4686000
                 129;              4684492
                 130;              4677196
                 131;              4678744
                 132;              4682052
                 133;              4682916
                 134;              4686160
                 135;              4648500
                 136;              4646348
                 137;              4654192
                 138;              4657784
                 139;              4643928
                 140;              4647076
                 141;              4643072
                 142;              4646780
                 143;              4644612
                 144;              4645152
                 145;              4645176
                 146;              4644280
                 147;              4643424
                 148;              4644500
                 149;              4687096
                 150;              4685592
                 151;              4684856
                 152;              4679748
                 153;              4700128
                 154;              4713392
                 155;              4695264
                 156;              4679164
                 157;              4680408
                 158;              4683244
                 159;              4682752
                 160;              4675336
                 161;              4678192
                 162;              4685224
                 163;              4643804
                 164;              4644832
                 165;              4651284
                 166;              4650488
                 167;              4645616
                 168;              4642068
                 169;              4647492
                 170;              4643108
                 171;              4642572
                 172;              4641988
                 173;              4643736
                 174;              4644408
                 175;              4647128
                 176;              4640924
                 177;              4679620
                 178;              4683968
                 179;              4685612
                 180;              4684044
                 181;              4685340
                 182;              4682796
                 183;              4685636
                 184;              4683060
                 185;              4691248
                 186;              4678476
                 187;              4680032
                 188;              4679908
                 189;              4684424
                 190;              4679368
                 191;              4649756
                 192;              4651480
                 193;              4651716
                 194;              4645784
                 195;              4645112
                 196;              4640264
                 197;              4645228
                 198;              4648400
                 199;              4645140
                 200;              4647720
                 201;              4649376
                 202;              4645968
                 203;              4648860
                 204;              4682756
                 205;              4684676
                 206;              4688636
                 207;              4682216
                 208;              4728848
                 209;              4683656
                 210;              4685988
                 211;              4677716
                 212;              4677572
                 213;              4745936
                 214;              4646180
                 215;              4658988
                 216;              4720832
                 217;              4653720
                 218;              4647940
                 219;              4651120
                 220;              4646688
                 221;              4647384
                 222;              4644860
                 223;              4648200
                 224;              4642776
                 225;              4648012
                 226;              4710716
                 227;              4684536
                 228;              4703092
                 229;              4689680
                 230;              4683084
                 231;              4683596
                 232;              4682516
                 233;              4681000
                 234;              4680896
                 235;              4683460
                 236;              4679920
                 237;              4678112
                 238;              4681748
                 239;              4641532
                 240;              4649812
                 241;              4652252
                 242;              4648188
                 243;              4650900
                 244;              4648048
                 245;              4646168
                 246;              4651436
                 247;              4644184
                 248;              4645452
                 249;              4646656
                 250;              4644648
                 251;              4646564
                 252;              4646716
                 253;              4688580
                 254;              4686232
                 255;              4682244
                 256;              4901752
                 257;              4914392
                 258;              4957756
                 259;              4676228
                 260;              4748756
                 261;              4759912
                 262;              4671416
                 263;              4797824
                 264;              4746040
                 265;              4722304
                 266;              4787936
                 267;              4813032
                 268;              4697888
                 269;              4760404
                 270;              4794272
                 271;              4681848
                 272;              4749456
                 273;              4665380
                 274;              4735020
                 275;              4780496
                 276;              4746552
                 277;              4656656
                 278;              4749568
                 279;              4657068
                 280;              4785876
                 281;              4740292
                 282;              4637948
                 283;              4652700
                 284;              4771720
                 285;              4942976
                 286;              4796620
                 287;              4770128
                 288;              4677072
                 289;              4782644
                 290;              4768100
                 291;              4881648
                 292;              4756320
                 293;              4749140
                 294;              4653540
                 295;              4786972
                 296;              4740116
                 297;              4642056
                 298;              4731024
                 299;              4670520
                 300;              4652104
                 301;              4805672
                 302;              4780864
                 303;              4681012
                 304;              4931616
                 305;              4765900
                 306;              4745680
                 307;              4805924
                 308;              4771616
                 309;              4650176
                 310;              4773632
                 311;              4742748
                 312;              5010656
                 313;              4782144
                 314;              4732864
                 315;              4647476
                 316;              4777688
                 317;              4773672
                 318;              4695644
                 319;              4782868
                 320;              4704680
                 321;              4696556
                 322;              4800220
                 323;              4772600
                 324;              4676208
                 325;              4898376
                 326;              4688408
                 327;              4654780
                 328;              4780132
                 329;              4747992
                 330;              4649672
                 331;              4892708
                 332;              4746324
                 333;              4679940
                 334;              4800924
                 335;              4761664
                 336;              4858544
                 337;              4790448
                 338;              4754652
                 339;              4865984
                 340;              4857608
                 341;              4734928
                 342;              4661004
                 343;              4773136
                 344;              4703348
                 345;              4850072
                 346;              4799400
                 347;              4737156
                 348;              4654812
                 349;              4806036
                 350;              4764792
                 351;              4677148
                 352;              4864964
                 353;              4698568
                 354;              4690700
                 355;              4980556
                 356;              4688168
                 357;              4660536
                 358;              4891700
                 359;              4763004
