                   0;              4702764
                   1;              4713916
                   2;              6066396
                   3;              4655788
                   4;              4657884
                   5;              4658472
                   6;              4654000
                   7;              4656524
                   8;              4649360
                   9;              4651528
                  10;              4649128
                  11;              4696988
                  12;              4685100
                  13;              4699096
                  14;              4696704
                  15;              4689100
                  16;              4701792
                  17;              4687852
                  18;              4689932
                  19;              4689532
                  20;              4687088
                  21;              4688616
                  22;              4651304
                  23;              4657036
                  24;              4657764
                  25;              4653628
                  26;              4649756
                  27;              4650688
                  28;              4651348
                  29;              4650876
                  30;              4653748
                  31;              4649236
                  32;              4649068
                  33;              4651920
                  34;              4650596
                  35;              4689180
                  36;              4691584
                  37;              5012788
                  38;              4700328
                  39;              4698424
                  40;              4747772
                  41;              4765232
                  42;              4655020
                  43;              4649396
                  44;              4666868
                  45;              4669488
                  46;              4655692
                  47;              4649268
                  48;              4651760
                  49;              4653996
                  50;              4652256
                  51;              4670212
                  52;              4647008
                  53;              4686584
                  54;              4690036
                  55;              4689416
                  56;              4687780
                  57;              4692384
                  58;              4688176
                  59;              4683372
                  60;              4684964
                  61;              4689628
                  62;              4702520
                  63;              4688700
                  64;              4685208
                  65;              4649748
                  66;              4652956
                  67;              4660288
                  68;              4652860
                  69;              4654768
                  70;              4653060
                  71;              4655164
                  72;              4652788
                  73;              4649224
                  74;              4655008
                  75;              4656096
                  76;              4651704
                  77;              4707628
                  78;              4699840
                  79;              4698152
                  80;              4697832
                  81;              4691340
                  82;              4696640
                  83;              4691836
                  84;              4687716
                  85;              4685724
                  86;              4689456
                  87;              4692228
                  88;              4650004
                  89;              4656852
                  90;              4661740
                  91;              4654588
                  92;              4654564
                  93;              4660376
                  94;              4653828
                  95;              4649124
                  96;              4652964
                  97;              4650076
                  98;              4650184
                  99;              4652892
                 100;              4653040
                 101;              4688396
                 102;              4692420
                 103;              4691672
                 104;              4687412
                 105;              4688428
                 106;              4689096
                 107;              4700404
                 108;              4687848
                 109;              4683704
                 110;              4684276
                 111;              4687032
                 112;              4718244
                 113;              4687828
                 114;              4652488
                 115;              4655968
                 116;              4663228
                 117;              4651072
                 118;              4654100
                 119;              4651236
                 120;              4650676
                 121;              4653616
                 122;              4652608
                 123;              4652164
                 124;              4650808
                 125;              4649880
                 126;              4649428
                 127;              4648020
                 128;              4692028
                 129;              4689796
                 130;              4686156
                 131;              4692268
                 132;              4685104
                 133;              4687192
                 134;              4687136
                 135;              4691364
                 136;              4687056
                 137;              4685884
                 138;              4692484
                 139;              4687544
                 140;              4688176
                 141;              4651452
                 142;              4655412
                 143;              4659108
                 144;              4654348
                 145;              4652004
                 146;              4650500
                 147;              4646732
                 148;              4650856
                 149;              4651672
                 150;              4654616
                 151;              4651924
                 152;              4650496
                 153;              4656372
                 154;              4720596
                 155;              4693212
                 156;              4697048
                 157;              4693648
                 158;              4689804
                 159;              4687408
                 160;              4686980
                 161;              4696780
                 162;              4691088
                 163;              4687828
                 164;              4688608
                 165;              4687740
                 166;              4687084
                 167;              4656924
                 168;              4653772
                 169;              4659032
                 170;              4652448
                 171;              4650996
                 172;              4650824
                 173;              4651044
                 174;              4650056
                 175;              4653044
                 176;              4649952
                 177;              4648252
                 178;              4650392
                 179;              4650452
                 180;              4650120
                 181;              4687476
                 182;              4733156
                 183;              4697712
                 184;              4695604
                 185;              4697396
                 186;              4690340
                 187;              4655752
                 188;              4654760
                 189;              4677324
                 190;              4658060
                 191;              4655676
                 192;              4653444
                 193;              4654132
                 194;              4655368
                 195;              4653344
                 196;              4654876
                 197;              4654492
                 198;              4656204
                 199;              4691056
                 200;              4692804
                 201;              4691436
                 202;              4690976
                 203;              4686368
                 204;              4688000
                 205;              4685740
                 206;              4690904
                 207;              4685844
                 208;              4689988
                 209;              4687356
                 210;              4693116
                 211;              4687956
                 212;              4650716
                 213;              4657784
                 214;              4661368
                 215;              4652412
                 216;              4649672
                 217;              4649040
                 218;              4652432
                 219;              4657748
                 220;              4655256
                 221;              4652280
                 222;              4652584
                 223;              4651624
                 224;              4650520
                 225;              4649556
                 226;              4685488
                 227;              4691652
                 228;              4693804
                 229;              4685184
                 230;              4702824
                 231;              4690388
                 232;              4686864
                 233;              4684576
                 234;              4686848
                 235;              4689732
                 236;              4685864
                 237;              4686072
                 238;              4685504
                 239;              4697632
                 240;              4682544
                 241;              4649316
                 242;              4652804
                 243;              4654712
                 244;              4656256
                 245;              4653832
                 246;              4651176
                 247;              4654076
                 248;              4652252
                 249;              4647992
                 250;              4655212
                 251;              4652104
                 252;              4652004
                 253;              4647132
                 254;              4651692
                 255;              4682316
                 256;              4694920
                 257;              4684624
                 258;              4682596
                 259;              4684432
                 260;              4686144
                 261;              4687960
                 262;              4683976
                 263;              4693088
                 264;              4688036
                 265;              4687240
                 266;              4667072
                 267;              4656592
                 268;              4660248
                 269;              4659060
                 270;              4663276
                 271;              4678228
                 272;              4657360
                 273;              4658640
                 274;              4656108
                 275;              4660512
                 276;              4666508
                 277;              4658660
                 278;              4687768
                 279;              4687048
                 280;              4697460
                 281;              4687388
                 282;              4686708
                 283;              4695320
                 284;              4677760
                 285;              4681892
                 286;              4705432
                 287;              4695612
                 288;              4680032
                 289;              4652104
                 290;              4653896
                 291;              4670824
                 292;              4661048
                 293;              4670472
                 294;              4659312
                 295;              4655224
                 296;              4674876
                 297;              4654392
                 298;              4670056
                 299;              4653788
                 300;              4657136
                 301;              4657784
                 302;              4687192
                 303;              4699236
                 304;              4749636
                 305;              4692992
                 306;              4687420
                 307;              4686336
                 308;              4693048
                 309;              4690488
                 310;              4687780
                 311;              4688072
                 312;              4692412
                 313;              4663976
                 314;              4654824
                 315;              4686532
                 316;              4667904
                 317;              4657936
                 318;              4670664
                 319;              4659520
                 320;              4661908
                 321;              4662172
                 322;              4658628
                 323;              4666596
                 324;              4653900
                 325;              4675780
                 326;              5283300
                 327;              4711456
                 328;              4701976
                 329;              4716956
                 330;              4703456
                 331;              4694584
                 332;              4697888
                 333;              4704196
                 334;              4645600
                 335;              4648652
                 336;              4656536
                 337;              4661692
                 338;              4657268
                 339;              4659100
                 340;              4659568
                 341;              4663984
                 342;              4677464
                 343;              4662816
                 344;              4669376
                 345;              4660316
                 346;              4657620
                 347;              4707040
                 348;              4687584
                 349;              4695924
                 350;              4689900
                 351;              4693300
                 352;              4690988
                 353;              4686640
                 354;              4696088
                 355;              4691804
                 356;              4689444
                 357;              4690876
                 358;              4651724
                 359;              4666944
