                   0;              5682180
                   1;              7272780
                   2;              5609392
                   3;              5595356
                   4;              5662804
                   5;              5666780
                   6;              5650072
                   7;              5600140
                   8;              5605084
                   9;              5607812
                  10;              5642308
                  11;              5644324
                  12;              5639280
                  13;              5639152
                  14;              5604500
                  15;              5598764
                  16;              5603800
                  17;              5645416
                  18;              5643556
                  19;              5638956
                  20;              5639520
                  21;              5620048
                  22;              5704116
                  23;              5616244
                  24;              5653576
                  25;              5647176
                  26;              5637304
                  27;              5648248
                  28;              5618564
                  29;              5604456
                  30;              5608736
                  31;              5643124
                  32;              5640800
                  33;              5638460
                  34;              5640856
                  35;              5612008
                  36;              5610124
                  37;              5607048
                  38;              5643024
                  39;              5640488
                  40;              5644468
                  41;              5632424
                  42;              5601808
                  43;              5606672
                  44;              5603788
                  45;              5644340
                  46;              5644312
                  47;              5641276
                  48;              5640520
                  49;              5635196
                  50;              5606112
                  51;              5609904
                  52;              5638708
                  53;              5641364
                  54;              5636856
                  55;              5639472
                  56;              5646704
                  57;              5608240
                  58;              5607064
                  59;              5606384
                  60;              5640296
                  61;              5639624
                  62;              5796660
                  63;              5612832
                  64;              5610976
                  65;              5658596
                  66;              5661152
                  67;              5638196
                  68;              5642516
                  69;              5640624
                  70;              5615196
                  71;              5612968
                  72;              5602260
                  73;              5641524
                  74;              5642496
                  75;              5639776
                  76;              5637756
                  77;              5617496
                  78;              5608732
                  79;              5601804
                  80;              5644112
                  81;              5638348
                  82;              5636104
                  83;              5643604
                  84;              5607336
                  85;              5608596
                  86;              5600296
                  87;              5639272
                  88;              5638456
                  89;              5633676
                  90;              5638840
                  91;              5631836
                  92;              5605804
                  93;              5607456
                  94;              5603832
                  95;              5644092
                  96;              5642440
                  97;              5638244
                  98;              5642012
                  99;              5613336
                 100;              5613056
                 101;              5606664
                 102;              5645804
                 103;              5642348
                 104;              5638152
                 105;              5639404
                 106;              5608440
                 107;              5604152
                 108;              5600972
                 109;              5641288
                 110;              5644964
                 111;              5641784
                 112;              5640928
                 113;              5633856
                 114;              5602420
                 115;              5602360
                 116;              5608268
                 117;              5642976
                 118;              5645936
                 119;              5638708
                 120;              5637692
                 121;              5612556
                 122;              5604552
                 123;              5601936
                 124;              5643200
                 125;              5640528
                 126;              5638144
                 127;              5641696
                 128;              5601672
                 129;              5609816
                 130;              5601548
                 131;              5643304
                 132;              5645324
                 133;              5640108
                 134;              5648096
                 135;              5635656
                 136;              5605116
                 137;              5606544
                 138;              5606316
                 139;              5648076
                 140;              5661684
                 141;              5641640
                 142;              5640672
                 143;              5611972
                 144;              5611092
                 145;              5604468
                 146;              5642676
                 147;              5648648
                 148;              5639004
                 149;              5637100
                 150;              5597716
                 151;              5603604
                 152;              5605088
                 153;              5638364
                 154;              5642852
                 155;              5640340
                 156;              5637564
                 157;              5640396
                 158;              5615484
                 159;              5606328
                 160;              5600520
                 161;              5636412
                 162;              5641136
                 163;              5639612
                 164;              5636876
                 165;              5608268
                 166;              5604380
                 167;              5601244
                 168;              5650244
                 169;              5644132
                 170;              5637188
                 171;              5639372
                 172;              5637976
                 173;              5610896
                 174;              5605680
                 175;              5602900
                 176;              5648896
                 177;              5638624
                 178;              5641312
                 179;              5633636
                 180;              5610916
                 181;              5606440
                 182;              5604752
                 183;              5644944
                 184;              5643272
                 185;              5641500
                 186;              5640168
                 187;              5602412
                 188;              5607384
                 189;              5605564
                 190;              5601324
                 191;              5646316
                 192;              5643768
                 193;              5644556
                 194;              5718364
                 195;              5602884
                 196;              5613064
                 197;              5694140
                 198;              5650420
                 199;              5643460
                 200;              5636936
                 201;              5604408
                 202;              5606864
                 203;              5642472
                 204;              5641972
                 205;              5646344
                 206;              5640916
                 207;              5639656
                 208;              5613700
                 209;              5608612
                 210;              5602416
                 211;              5638004
                 212;              5638172
                 213;              5642124
                 214;              5642576
                 215;              5606248
                 216;              5602420
                 217;              5607652
                 218;              5645480
                 219;              5641112
                 220;              5640664
                 221;              5636104
                 222;              5636220
                 223;              5609372
                 224;              5603908
                 225;              5598860
                 226;              5642968
                 227;              5639612
                 228;              5636136
                 229;              5638620
                 230;              5608564
                 231;              5600600
                 232;              5600624
                 233;              5642916
                 234;              5639316
                 235;              5639544
                 236;              5636876
                 237;              5636580
                 238;              5607216
                 239;              5610420
                 240;              5603332
                 241;              5640276
                 242;              5642048
                 243;              5640148
                 244;              5640364
                 245;              5614972
                 246;              5609024
                 247;              5607796
                 248;              5642836
                 249;              5639136
                 250;              5636720
                 251;              5638792
                 252;              5608228
                 253;              5604296
                 254;              5603096
                 255;              5646180
                 256;              5644716
                 257;              5872468
                 258;              5921676
                 259;              5696948
                 260;              5729052
                 261;              5765524
                 262;              5728372
                 263;              5715424
                 264;              5762804
                 265;              5740008
                 266;              5697224
                 267;              5722976
                 268;              5758688
                 269;              5695128
                 270;              5734896
                 271;              5703956
                 272;              5701928
                 273;              5646780
                 274;              5721092
                 275;              5639748
                 276;              5732684
                 277;              5614160
                 278;              5716528
                 279;              5645984
                 280;              5741820
                 281;              5732828
                 282;              5693500
                 283;              5650376
                 284;              5714324
                 285;              5694500
                 286;              5710660
                 287;              5734920
                 288;              5630884
                 289;              5712528
                 290;              5622024
                 291;              5697740
                 292;              5625308
                 293;              5738008
                 294;              5733980
                 295;              5713180
                 296;              5727004
                 297;              5698488
                 298;              5701556
                 299;              5657936
                 300;              5728732
                 301;              5756900
                 302;              5722352
                 303;              5631456
                 304;              5711080
                 305;              5707316
                 306;              5722180
                 307;              5787020
                 308;              5857348
                 309;              5658956
                 310;              5699752
                 311;              5682964
                 312;              5893700
                 313;              5721132
                 314;              5725652
                 315;              5730320
                 316;              5734364
                 317;              5706996
                 318;              5651772
                 319;              5877212
                 320;              5655548
                 321;              5719428
                 322;              5611900
                 323;              5737936
                 324;              5723976
                 325;              5978640
                 326;              5648384
                 327;              5750820
                 328;              5646876
                 329;              5760296
                 330;              5669484
                 331;              5738024
                 332;              5648232
                 333;              5690904
                 334;              5631660
                 335;              5773804
                 336;              5729052
                 337;              5690060
                 338;              5663236
                 339;              5692860
                 340;              5690904
                 341;              5625940
                 342;              5729248
                 343;              5663416
                 344;              5719688
                 345;              5628168
                 346;              5702552
                 347;              5641864
                 348;              5735344
                 349;              5707540
                 350;              5715568
                 351;              5629156
                 352;              5691504
                 353;              5710176
                 354;              5692484
                 355;              5710644
                 356;              5811644
                 357;              5674380
                 358;              5602940
                 359;              5701040
